1000
9170.53
3029.14
1008.27
2103.02
2536.31
6007.85
3902.30
2480.11
9515.67
8323.50
5853.07
2633.39
5289.29
1992.16
9064.79
7147.03
2706.99
6800.90
3204.40
5839.26
4010.32
4433.29
1836.82
5057.64
716.15
5979.61
2792.73
4612.75
5840.38
8449.23
5605.40
174.43
1478.37
6613.68
2277.46
4014.69
7785.05
1343.28
6494.80
2464.24
9666.78
7511.39
5097.63
119.59
4667.07
4162.42
7266.63
2537.59
963.32
5634.55
8376.85
137.16
5231.36
5377.20
358.32
5947.51
1356.81
3151.06
5723.79
7197.19
6763.81
1329.19
7371.63
8242.19
3106.39
4812.61
7420.40
891.44
1319.41
9078.72
3355.69
6149.72
1753.64
3616.84
6269.31
1584.23
7779.27
3535.94
4121.82
3906.11
4334.01
2498.68
9206.80
9565.38
3039.40
9565.12
5512.89
4396.21
7879.70
1236.68
6756.93
4643.52
7729.40
9292.08
2885.71
835.79
9268.21
5469.63
1727.24
587.62
9711.87
246.45
1900.86
1465.51
3863.29
8170.18
3049.75
6806.08
6869.64
7171.57
5875.72
1203.66
4833.77
5082.52
769.04
7873.17
4647.64
1445.45
7432.91
2527.35
2682.14
9353.36
2334.39
411.54
8645.44
383.62
6410.85
3077.17
5853.25
3301.61
8828.31
5565.12
3548.06
729.18
2194.16
2574.88
8899.36
5243.91
4544.48
932.52
7579.00
420.20
2136.18
7576.30
5502.72
2905.22
5449.47
5313.89
4350.68
8045.90
3004.76
2196.34
7399.26
502.67
7771.40
1208.22
886.29
4182.25
9448.91
6739.54
7483.87
8277.23
7468.18
6195.45
9006.41
9662.34
3933.85
3069.29
69.77
8478.34
4001.81
7648.78
4062.06
6138.00
5225.08
9564.79
4206.74
5838.07
42.20
3720.94
9047.50
8210.48
1080.80
1610.28
8713.15
4015.72
2818.51
9599.44
8197.98
7430.94
1502.50
845.37
5708.17
4134.20
2204.34
9878.10
3796.55
6138.20
2947.39
9029.84
9780.06
2112.73
1842.14
3842.12
3414.25
2230.74
8570.43
7620.99
8068.82
8612.63
6505.46
2279.84
1986.63
7586.26
3890.12
5863.30
6765.51
1872.15
626.26
127.01
9303.10
2128.76
972.38
5011.27
6262.97
8340.24
52.90
5223.04
9641.96
8163.81
4252.88
9422.02
276.54
1258.55
3264.15
3690.79
3489.29
1834.58
6475.31
6721.63
5610.74
2980.77
9001.47
7597.37
5730.55
2891.60
3460.68
2496.06
4763.75
9250.46
7786.59
4066.85
1379.23
3922.49
4241.65
2805.72
2262.74
9458.07
3192.28
1904.70
7621.88
2608.68
1326.73
7898.43
3867.23
4590.88
1589.22
7356.53
6425.46
8064.53
4078.16
7199.72
6208.82
3079.64
4797.10
7102.90
5971.24
3421.30
4762.48
5898.51
2671.76
2549.08
5128.89
9214.51
6471.57
4534.06
7183.75
8734.31
3992.13
376.03
5802.54
1614.01
8148.24
7129.27
9512.44
2015.47
6883.67
6265.19
9372.00
8472.65
9493.24
8613.69
5672.38
5702.07
1693.33
5633.00
7968.49
2828.09
4217.82
2730.97
3890.12
2053.10
443.57
9019.01
6431.14
6915.15
3553.07
3614.89
812.98
7545.20
9154.45
1779.04
4322.74
7302.69
4071.83
3835.18
4481.68
955.50
5263.89
9017.21
4591.68
4757.14
7630.90
5427.58
5622.73
4487.75
1060.58
3591.22
2479.36
441.92
1485.71
1533.00
2495.02
1929.29
552.02
8926.16
4007.96
9268.61
7704.58
9984.46
1977.34
2022.55
1763.51
6300.08
4488.76
5835.34
5298.78
8970.44
1954.37
562.68
3151.17
6546.05
5319.82
5945.59
7137.15
942.55
5596.86
3361.25
9697.29
8076.22
3803.17
1183.00
9609.23
6298.19
8275.81
5324.77
387.88
2283.77
9756.90
3255.98
2268.24
1734.24
5278.53
9195.27
3197.84
9767.29
5030.61
8496.63
3901.25
2148.50
4222.83
2215.95
3858.07
9542.65
8161.54
995.22
5648.72
3758.41
4356.47
5346.01
6998.15
8159.64
6529.01
1770.90
9621.36
4804.83
2259.19
5172.76
2252.12
2016.10
8428.74
4520.36
3750.34
8870.79
8879.15
6948.19
3801.60
3909.77
608.34
2866.37
1221.79
4831.17
5082.32
5079.87
9537.34
8407.39
6075.09
5186.06
2165.80
5595.09
532.07
4327.47
8918.25
2224.60
6098.38
3703.13
2192.95
8357.57
8875.89
4445.08
373.67
2468.15
4128.96
9287.54
6502.46
3008.12
1399.25
5467.58
2081.41
2007.59
8333.96
3303.20
2002.28
8579.80
8383.07
1539.62
6987.19
9621.69
6725.68
4316.51
5216.78
2421.27
8643.99
9298.55
4645.87
4742.37
3001.69
6838.83
8263.46
1877.58
1283.91
8637.14
9509.26
576.39
7924.68
6011.72
3584.51
4487.45
6642.83
5665.92
6495.04
4976.79
8969.13
8497.32
3556.59
2515.72
36.94
5707.31
2137.41
1926.14
23.82
2517.71
4347.41
8667.81
1816.27
4156.80
3410.18
4817.96
995.63
1673.65
1859.06
7443.06
5474.31
1368.32
8019.46
8562.51
2543.57
1603.97
3049.96
9186.40
2433.42
4708.52
9326.71
1402.55
3205.84
8046.82
9081.79
8406.30
3754.13
1219.21
5495.96
3777.96
8900.44
9843.37
2445.77
716.71
4000.17
1019.48
698.19
159.33
7856.65
2557.26
2765.91
8494.48
9089.10
785.37
7056.99
6796.19
7552.87
5270.47
1146.11
9986.29
9978.99
5636.34
6552.36
8348.35
3683.17
5634.15
1918.17
7437.30
2016.88
7414.13
6378.78
6080.85
2421.02
8824.56
1961.08
1584.71
5007.56
2659.28
6907.56
8027.73
380.06
9673.48
6522.21
4632.68
458.85
8742.72
6592.40
3175.24
4013.19
7738.51
8325.05
9155.70
3374.86
4877.41
2667.57
2221.55
5675.09
4585.74
9658.85
2855.49
7163.39
6037.64
8936.34
4747.93
25.72
6060.95
6332.64
196.80
8720.23
3240.21
8224.53
4263.81
8077.21
4746.74
8896.49
3699.58
3489.46
652.41
6874.83
2666.17
8390.93
5199.88
1821.87
6929.31
5240.82
4489.44
9150.86
6079.43
4238.70
3973.23
8934.92
1402.09
5174.39
3034.79
1313.54
5200.11
4259.26
7646.18
560.43
2979.49
6049.91
8784.96
2406.82
9290.64
8695.22
6466.83
2990.23
7348.20
7119.25
9865.06
14.37
673.70
228.46
6999.76
7603.01
5469.28
6652.72
1917.39
6712.23
891.42
5890.62
810.68
7457.03
1065.02
3845.47
8770.57
1428.65
8104.73
1580.28
1989.09
6247.74
2793.71
5937.57
3818.08
2084.36
4632.80
284.91
238.11
1981.00
7404.16
103.17
7158.90
3241.38
5495.15
9322.18
844.39
6127.96
5974.91
2761.78
2840.19
2029.85
3815.93
3650.87
4650.41
44.47
2659.86
8584.50
1473.12
5928.11
5328.30
8625.73
2175.85
8122.02
4563.31
1157.45
5369.90
9196.11
1442.37
5608.01
6340.63
4010.05
874.70
8663.05
7251.44
1533.37
7985.24
3259.35
7661.33
9123.67
1184.66
5665.05
6317.04
5000.59
9315.92
967.45
5045.06
1975.79
9551.96
1681.70
3067.42
43.78
307.44
406.80
8165.80
4870.75
1564.25
8699.22
9230.38
8170.14
9470.75
734.53
2180.20
5508.97
9397.59
4595.16
7042.35
2546.35
7854.51
4703.68
1670.02
9039.17
368.73
7987.06
9203.28
4848.18
8954.52
9411.86
1987.49
3670.00
1093.57
5054.91
3713.78
1401.01
5461.71
7043.11
6271.76
7025.97
905.85
665.66
359.63
376.61
1400.19
2539.83
5885.58
797.78
7134.99
2927.93
3344.13
153.03
2795.14
177.67
4355.72
8327.39
8164.74
3559.01
3175.57
2282.78
2970.87
326.58
1116.30
9227.96
5381.50
9993.60
628.97
6006.73
2200.23
2064.25
8196.22
3106.09
2729.91
8555.86
8646.22
9293.63
1095.69
4531.80
5254.93
3394.21
2623.26
3762.59
8710.76
581.92
3940.26
8230.00
8909.31
7268.52
1789.01
7248.41
4714.82
9923.41
7574.99
5831.12
4314.89
2956.49
988.25
4943.87
4126.75
3188.48
7008.12
2322.97
1458.09
4901.56
878.83
104.31
4195.19
7138.05
9799.64
4613.64
5695.78
7586.42
8376.23
9570.06
8168.34
2316.50
7800.06
7077.65
4748.54
4752.60
4326.06
9463.37
9839.53
7064.58
458.01
4154.42
5184.59
1446.26
4261.81
9311.34
9798.27
6433.46
6797.84
1256.36
1335.02
2840.19
6524.20
693.73
5141.76
6323.84
5307.37
6001.06
3910.26
8847.13
5571.12
2078.60
1163.63
8534.71
4319.77
5912.17
3287.31
3809.36
539.06
8290.36
6037.46
997.08
2444.78
1222.05
2443.34
1870.12
5696.92
7405.13
8303.58
2494.76
8661.50
9638.60
5334.95
349.22
5495.85
476.72
6673.06
5966.74
6477.78
5746.84
4813.87
7212.43
2988.96
1141.02
910.66
2472.25
2216.72
4197.97
1445.13
2755.78
7651.85
7482.59
3752.86
5260.15
8704.65
1359.73
7130.27
4401.57
8764.86
5433.85
6896.33
2589.88
235.97
7394.80
2939.10
5731.82
3035.04
4775.68
6862.09
4676.35
5686.04
1675.96
1888.78
3838.52
7980.51
2799.44
6310.78
197.23
2160.93
7755.91
2953.01
4976.30
5238.51
1869.40
236.45
9106.68
8392.65
7366.73
3508.25
2321.03
2800.58
5568.10
4910.92
8200.08
8126.42
3013.54
3931.90
1161.47
2952.75
5957.51
5837.82
3802.31
2797.00
2890.12
7640.84
777.51
853.08
3951.62
974.74
8177.53
6871.05
9091.27
3153.83
7273.08
6124.19
3390.28
6379.76
4516.84
757.01
5051.53
6837.88
8721.12
5783.15
6912.32
6921.20
3909.58
5089.38
6016.62
5071.05
3205.65
1974.14
6072.39
7007.97
9934.66
8962.51
4648.81
712.17
4979.11
3763.95
6850.43
3156.64
5798.52
1105.22
6310.47
3071.61
7229.42
9700.75
4614.89
6909.78
5621.29
4829.95
8911.18
4342.41
613.10
5823.50
6427.13
9686.20
1000
912.89
7607.27
9920.77
9282.06
4744.93
5993.16
6290.03
4679.59
119.19
6102.36
555.28
5098.30
9866.31
7405.71
8254.94
828.36
3674.46
9728.93
9063.49
6067.40
9429.69
3678.38
2977.18
214.50
3671.85
1888.37
9720.43
4284.96
2875.39
6147.56
9134.68
8951.80
3754.83
9055.46
8233.87
8499.77
5048.62
4523.90
8342.88
331.34
626.27
8898.17
5429.64
5656.10
1467.40
8848.11
6484.46
5141.86
8577.04
5547.95
1209.26
3170.25
4389.86
9349.97
3384.75
8061.71
1238.34
3105.18
7510.19
9277.25
4416.26
6644.88
8229.06
3334.62
5700.34
6462.93
6997.91
5912.48
6150.35
5340.79
6243.82
1940.14
9402.48
6836.99
7596.25
869.89
848.62
9244.23
1175.27
9425.66
9955.71
2384.54
2595.92
9509.09
1734.51
1144.19
2734.32
8136.37
9412.90
244.52
7413.62
3829.16
2052.92
806.20
2327.30
2916.78
7269.13
9325.21
8829.26
3419.49
9829.53
236.61
523.15
9232.01
2237.12
8119.40
101.90
3085.74
2527.16
1277.18
7674.92
7646.39
8825.24
5434.36
2319.00
5723.27
6578.56
5053.32
9023.16
1154.98
5297.84
1600.30
4984.14
7350.76
2406.51
7311.45
267.54
4839.16
1800.18
4260.33
8258.65
1629.71
9660.46
3945.33
861.73
1897.58
7228.25
6127.15
146.84
9755.41
2567.85
7821.76
2565.32
1393.09
3256.13
4884.32
2279.88
4998.21
9937.65
1303.04
6153.19
399.01
2903.35
6300.85
7749.78
473.38
8775.82
3180.84
5312.54
576.01
2604.69
8734.72
7369.24
2265.15
2680.05
3394.49
9326.25
9908.30
9521.65
9473.09
4827.24
7253.02
2458.38
7392.56
3809.64
878.03
7440.41
6089.52
5876.24
7378.06
2556.09
7192.95
7777.07
622.96
3493.80
690.37
1096.34
2269.63
9034.74
6408.88
8009.16
1639.43
5143.60
5378.40
9068.11
7823.65
8772.90
3557.88
2895.48
3458.07
3030.98
7722.72
5874.61
652.88
5115.28
9684.25
1530.91
2555.69
5773.78
2570.67
5097.27
3493.39
9763.62
8037.87
4116.35
8420.94
8728.24
5212.69
690.57
2926.50
6785.09
3863.25
9729.46
1928.70
4405.18
8797.57
4915.87
3178.08
2355.45
7811.35
1799.67
549.95
697.59
7674.28
1202.83
5812.88
2522.06
7897.26
3532.09
3459.36
467.93
3792.89
6952.75
5395.07
1830.76
1069.10
3816.02
5722.52
1445.31
9670.11
8649.03
8230.40
3533.37
8378.49
159.10
7938.55
2339.58
238.50
6280.15
4695.03
3213.37
3243.34
408.51
3910.97
6081.14
1611.34
9723.85
8603.20
4672.13
8419.46
2062.56
5140.06
2212.35
9015.31
5698.66
9206.63
5247.93
9514.68
4929.16
6693.24
9184.79
3578.19
4923.65
2718.16
1956.68
246.27
5820.23
4296.26
5648.29
2100.38
4154.81
8861.67
5343.72
4563.32
2772.64
1424.87
1338.19
7660.01
28.07
6010.32
6079.47
7254.16
6313.90
3455.35
1432.99
2012.56
2661.98
1844.45
6690.76
7591.14
8537.69
5875.56
6332.85
8624.86
3757.24
3453.05
4034.66
9577.48
2912.83
9682.95
1677.86
7067.65
8544.62
2185.11
6794.49
1317.26
3609.98
3296.20
4140.79
8801.57
9306.52
5383.79
1219.25
783.95
8839.14
2652.25
7960.03
6664.64
4496.70
4650.80
9419.31
8197.91
526.36
915.68
1986.30
4283.60
4368.74
6020.96
9024.60
7281.57
867.43
702.47
9512.74
9412.06
8051.10
1470.76
5892.84
6824.60
4766.96
5197.16
5626.17
9237.01
580.95
2008.95
5184.48
4583.61
9824.72
3144.51
1248.25
9484.94
7795.31
5831.08
2846.37
3485.19
6746.77
4832.67
2932.32
6279.03
6017.15
1956.92
8724.12
6884.59
7822.91
8236.87
1460.17
5874.01
4871.15
2516.53
2698.61
9638.11
7713.69
3488.31
4038.64
8294.64
660.78
9223.12
2878.25
485.50
2367.64
9290.03
9970.44
5326.47
284.63
2816.81
3975.19
2194.92
2813.01
6907.51
8473.95
8830.16
4027.95
7198.08
878.27
1850.87
598.47
2338.44
2888.40
5469.62
18.50
5587.02
271.25
7732.19
4238.85
9473.42
1190.36
4899.63
8696.54
4068.61
548.65
6227.70
8522.16
519.09
6717.70
3970.32
8499.42
692.89
6165.24
1312.43
2763.92
4639.20
5306.12
6791.87
7000.80
6184.39
8642.74
7599.27
3686.36
6694.67
8232.41
3704.86
2281.69
3667.18
1437.05
1684.06
8304.12
2627.41
1747.21
2164.19
1859.55
2295.86
8391.89
5545.23
2814.95
273.11
9515.55
6477.89
6129.52
844.32
2953.85
8893.44
647.04
8259.97
848.84
7647.84
9607.88
9491.58
410.63
3294.24
1349.77
3806.56
6999.10
3631.46
2637.26
3599.68
479.04
941.39
1390.61
2226.25
3105.58
8413.68
4522.11
6660.99
3958.92
2500.58
6934.11
8637.99
4142.00
3063.63
9482.31
7095.85
7120.60
5292.87
5355.82
7969.44
2940.71
4963.70
2624.54
8514.86
3421.47
3974.32
2321.42
5584.09
2769.30
4958.69
9183.77
8411.87
1063.60
5737.91
638.12
4169.18
4151.59
323.76
830.17
3274.03
7987.86
2927.80
7075.55
2129.86
1154.96
6557.86
4389.23
8275.56
7014.26
4908.57
1408.52
9954.97
5035.80
4033.06
8469.84
8457.27
3170.90
5954.78
4041.36
5940.21
6076.99
8388.66
4352.08
7140.59
4126.57
153.72
1309.77
8278.16
477.48
7303.47
1552.20
3628.87
231.27
8627.75
922.25
6549.75
349.13
5311.49
4825.31
7363.39
220.06
6233.83
2481.89
5255.86
5430.42
6115.25
3713.13
8601.32
2070.03
2918.02
9705.05
3310.55
1306.68
9220.65
451.14
5433.25
9374.38
6924.44
3711.41
5015.38
4227.91
427.13
8644.25
9622.70
4218.40
4730.03
6172.46
9731.06
41.52
6161.29
7094.45
5425.10
7558.65
4739.86
680.97
2989.07
855.11
9557.62
6753.91
8088.67
2475.64
1622.49
1399.22
8945.84
843.14
7013.88
4379.09
217.52
3938.32
3254.03
396.43
8166.23
3681.16
4204.20
2952.46
3063.09
8934.23
9124.92
2794.15
8975.75
5286.21
5052.12
4400.86
2844.86
9791.99
245.35
997.45
5810.62
9802.97
2914.89
9062.81
7442.14
4537.38
5625.55
6387.98
5380.52
2639.44
5930.60
761.57
6577.76
9184.63
1158.00
9907.52
8029.31
5362.20
2859.98
1092.40
4296.44
1984.90
9050.07
8435.71
2434.63
4102.20
8000.09
443.02
9057.71
8245.44
1440.47
31.85
3211.94
4355.36
9094.67
5817.60
8892.74
4720.22
7369.10
9436.79
7359.66
3299.70
198.36
9100.95
7647.85
1356.36
9008.47
5677.17
1882.08
1868.45
1933.09
6178.52
3853.35
983.17
9777.76
1451.50
248.89
7777.85
1894.52
9306.60
1186.82
3335.00
9338.45
9562.28
2853.88
3596.64
5379.88
6910.15
3480.39
7912.50
6346.94
840.05
1212.21
1708.82
5104.52
4023.58
8228.70
4112.99
9700.75
110.78
5981.44
1633.85
1452.83
4998.31
7780.54
6394.11
6449.82
8029.43
4171.96
3507.86
2499.55
522.30
2006.38
7001.52
84.58
4860.27
598.17
627.98
6933.94
4078.56
3704.01
3280.88
82.13
4916.22
153.22
5186.66
8939.80
8381.92
4463.17
3804.08
3656.22
444.62
601.45
5109.05
606.45
3545.51
1503.16
2219.79
1574.94
838.65
5727.66
9238.01
6524.47
7734.04
6239.53
1772.58
7757.83
6837.70
2400.56
4691.77
6079.78
1268.09
3136.17
1325.44
6184.31
3289.39
1675.62
287.64
6834.83
6138.79
9255.24
491.06
1746.93
5020.21
763.63
7516.91
8565.72
2266.80
9736.70
140.66
8268.97
627.88
9378.67
4793.44
3525.45
781.72
6566.02
1283.28
7619.43
4130.11
1138.58
8862.73
5398.20
4274.75
5351.69
6746.04
2727.67
7027.31
2197.20
9562.50
8329.63
6615.96
53.56
5240.08
1636.17
817.20
2756.99
201.89
8247.52
7657.22
342.55
1680.01
3448.62
4884.74
6473.45
2137.59
5666.46
8203.00
3420.88
8449.41
7496.63
9722.98
2475.67
2894.83
3997.73
7827.36
4804.39
1888.92
18.20
7001.59
1451.43
3511.35
8781.07
6668.51
8751.43
417.24
7485.71
6671.95
619.13
896.75
9492.69
6125.20
2576.76
8104.83
1009.94
9050.22
242.43
1839.93
2416.74
8826.83
5452.86
9913.37
8549.81
7928.53
7971.72
7711.06
919.42
2776.12
9599.99
937.62
4941.23
1051.42
4448.97
3722.31
7719.93
8363.92
4139.55
369.17
5035.87
4758.69
1265.92
9692.08
883.89
3842.69
7796.92
7057.36
8056.43
8039.35
4060.81
5636.69
6866.18
9513.67
5550.06
5415.99
2605.73
3521.78
8290.57
3525.15
1461.42
7890.56
9626.29
6402.66
8941.98
4075.26
5288.49
1825.44
7602.70
9428.04
2194.61
2638.58
9350.25
8624.05
7494.18
5397.67
7630.26
5291.10
7618.55
5686.69
3330.45
6842.88
6486.90
5360.15
6356.55
2036.96
5939.66
4125.80
722.27
4230.24
2814.47
2183.69
7284.32
2440.76
3749.87
6226.31
1679.54
9038.36
3215.27
9282.25
3629.93
573.40
7084.35
2980.18
9197.45
4578.53
3541.37
6827.72
5033.16
1159.92
7677.93
3527.13
8002.80
4164.84
8887.29
9522.88
1365.32
9990.47
3648.68
2087.59
4220.71
6463.16
9434.81
1505.04
4067.44
3184.68
2894.87
5746.99
2223.05
1273.66
5029.24
5852.98
1847.06
7277.11
8833.16
6208.03
1855.64
7538.06
8199.27
2052.32
8697.98
1040.73
5579.46
1864.31
369.09
4466.75
6550.71
1734.41
4457.22
5362.91
8985.53
3841.46
6989.59
8420.34
510.02
1057.04
1605.02
8568.41
1967.55
3828.07
9842.07
6996.79
4844.57
6852.65
9437.42
8841.26
3060.68
6456.58
6379.32
6423.48
8508.91
1000
240.82
7464.21
4088.37
7268.65
7833.30
8555.12
3819.36
4731.23
8175.86
9182.28
3716.76
7180.84
1335.39
7300.62
2854.38
2392.43
8905.65
1422.79
4359.98
7897.24
6428.38
6520.29
2741.82
8444.55
5957.71
1583.08
1505.24
2414.30
7962.40
3092.24
6086.73
8203.22
556.45
175.10
5471.88
3553.27
3893.74
4454.76
8284.50
7233.12
3637.04
7164.79
4413.97
4972.44
4465.41
7268.35
2528.39
3371.06
3854.67
2051.90
1268.31
283.05
8572.19
9173.65
8727.61
9693.43
756.73
5396.37
7271.25
3882.65
3652.13
3357.98
2085.87
4208.58
3533.08
2721.27
7761.85
2590.34
7176.04
1209.87
9823.46
5976.60
8374.66
4237.43
6112.56
2840.08
6669.31
3804.48
1374.66
5687.50
5856.38
7806.49
1134.07
9592.09
6980.14
5025.20
9285.52
7736.87
421.57
1720.29
1619.52
9237.22
5078.27
8868.92
3445.80
3774.87
6753.71
6371.17
1528.73
9093.27
2744.57
1352.20
233.40
1119.23
753.15
1509.48
9122.83
2585.98
5313.96
497.50
8273.48
6333.86
3467.51
9407.56
5925.96
447.66
4432.76
375.00
3348.05
17.86
2095.30
4967.58
9255.08
2337.09
9000.02
7864.41
1275.49
5753.73
4235.58
2804.22
10.53
2143.67
9319.94
243.93
3262.91
73.10
1753.41
7549.26
2659.08
2230.90
3210.28
6096.09
8564.76
6677.80
5503.65
9654.24
7125.46
9936.41
29.25
473.51
9954.27
7288.07
604.61
4372.88
9625.16
9604.63
2237.29
6064.17
521.89
1636.39
4031.92
532.42
3780.07
3351.86
5939.87
2206.50
8588.48
7693.28
9755.76
6411.09
9924.18
2966.05
2507.18
3652.47
9643.85
3174.35
3306.71
1932.83
3110.76
3335.96
7569.86
8228.56
624.03
8174.48
7764.96
5412.72
2942.63
2.25
6640.41
8628.04
1638.64
672.33
4323.98
5418.71
4024.20
263.85
7625.21
7776.20
3120.66
2544.50
4187.29
8208.36
5510.55
1857.99
1860.83
317.92
5032.34
5167.55
7414.27
3306.63
3667.03
4984.13
6698.71
9454.59
8322.13
4463.67
30.83
6428.29
4465.92
6671.24
5056.33
1268.08
2507.10
9380.32
1850.32
1694.82
9644.17
4639.05
9471.02
2764.83
7183.55
8821.84
973.20
7857.62
679.83
7997.55
3339.06
875.70
8328.62
753.33
9345.85
7159.18
900.99
6044.56
1777.29
9223.12
508.23
1808.12
5651.41
137.67
3642.88
707.75
1405.75
6149.98
5251.59
8419.59
7844.80
59.28
3058.65
2479.35
7987.64
5405.72
1301.19
4124.36
8426.87
7144.54
2121.91
1765.93
3183.76
450.54
2519.27
2529.61
2773.24
3420.26
8574.17
4550.53
7806.90
4245.92
1522.17
3458.32
4383.59
5165.05
9329.59
952.87
6478.56
9744.70
9372.46
9486.88
9803.98
7594.63
1966.23
7791.62
3000.36
3267.42
1915.98
1427.23
5575.49
9201.42
8356.68
8759.25
4815.48
875.95
6452.39
7588.72
9459.73
5026.56
7302.77
2430.16
9272.49
8824.94
1052.00
8819.60
9153.51
381.59
9772.47
5632.07
5289.81
4308.46
5118.96
5093.79
1903.09
7085.19
8048.94
66.97
5516.14
5128.44
6657.72
6255.15
9493.38
5014.41
5014.40
4308.86
5890.36
1466.79
7061.10
513.62
1656.88
4363.87
8107.30
6092.89
3188.81
9159.30
4912.49
7505.85
4704.41
9848.49
3137.92
9994.22
9320.47
3420.40
251.53
1223.56
505.60
8300.47
6454.06
1185.26
8592.44
3111.78
7440.41
8085.82
8126.19
7618.33
7558.21
9180.08
4248.65
4619.31
4857.22
5905.53
8983.19
2964.52
1998.42
7335.52
2123.82
2074.43
4841.37
6828.23
7086.44
3142.82
1985.97
6406.91
6563.22
2237.50
2794.00
2232.34
5701.50
9248.06
3417.60
4293.94
2359.84
858.01
7543.28
486.04
3639.87
5101.49
4829.64
7888.52
9720.81
9686.86
3794.05
3867.52
2651.38
955.99
6366.56
4775.20
8193.94
6371.46
6766.95
5280.39
9514.28
8752.92
6850.82
6077.50
6153.94
9644.82
8309.85
7018.96
4056.40
6890.97
6476.42
6416.25
7748.99
4019.71
2065.81
1388.86
4284.72
6895.45
9277.38
4005.53
6582.31
8234.95
3036.57
4397.21
4354.46
9403.14
9172.41
2548.40
938.12
1102.88
2992.31
452.40
5019.32
5006.66
6529.90
1173.26
4651.48
3.27
3355.75
8707.89
6894.25
9832.17
287.66
9806.76
3851.88
7516.99
6359.14
8136.61
4412.44
800.04
7305.66
6158.27
9034.99
5505.76
555.48
3389.45
72.42
4891.41
1101.37
1010.54
1157.81
9257.21
1462.94
6177.13
4263.87
3156.36
2513.91
8915.35
8323.16
5869.66
2786.76
380.93
5701.84
8237.94
187.69
4717.24
918.45
6546.83
8017.37
494.41
2510.39
486.56
6652.68
1545.38
1155.84
2371.68
98.35
1228.26
2426.61
6363.24
7402.32
3584.42
5620.45
4028.78
9761.55
9884.32
7185.14
7438.99
3963.20
671.82
3308.65
1913.48
1052.75
4174.01
5314.95
6403.96
4054.78
6233.40
8114.31
2072.15
6727.82
624.70
7722.23
3380.50
7333.60
8878.07
915.71
2595.47
5269.85
3342.32
8958.72
2672.17
6926.75
4579.17
6700.95
1851.82
9627.02
9049.62
9290.81
3590.22
9721.44
7762.99
667.22
5937.72
7100.52
5982.17
2341.68
1155.30
2215.58
5619.52
8390.98
8943.40
6244.22
1276.73
7487.42
8741.35
154.81
8403.13
1336.82
5424.66
6908.98
295.54
8096.84
8999.25
38.24
9961.31
851.07
9665.26
9010.93
5305.41
8419.00
8732.38
8231.92
9086.22
9833.62
5332.44
5068.40
7338.82
1651.27
7283.98
2958.34
5205.77
1390.90
4366.09
6482.50
8878.32
3107.44
1800.83
2444.98
4444.26
2389.02
9353.96
9903.33
5649.38
8353.21
5105.09
5610.69
4367.80
9933.87
4621.63
4836.73
8352.87
8517.53
3068.65
7439.09
3514.67
3564.62
7671.01
853.49
5215.89
118.51
3811.84
5585.18
1509.41
3341.45
7231.20
5551.26
6448.89
9032.04
3159.76
6056.67
6584.58
2513.72
1123.52
2233.96
6030.45
6228.61
3008.17
5561.77
6162.48
2793.32
398.51
9678.87
6474.37
8630.68
2281.49
9989.04
2195.30
9952.50
842.54
2574.71
5234.54
9817.90
8159.89
1907.47
3159.35
5391.10
7458.73
4771.76
9586.66
618.49
5991.95
1334.76
8295.73
7115.48
3568.72
9489.70
8507.61
1740.41
215.00
4670.10
4533.74
5777.03
9512.49
6171.63
4407.71
1793.98
6160.68
6603.02
6910.01
2166.74
9177.73
2144.55
7148.16
2501.15
4052.02
5471.03
7892.25
6674.28
5406.31
2642.43
2456.29
1398.26
3977.19
5915.55
8513.74
2709.43
568.77
7021.36
4449.84
783.77
6854.98
4147.10
6560.80
6367.47
5482.26
968.52
3324.98
6806.46
2735.06
234.99
4136.72
7076.31
2379.54
1284.88
9577.46
1595.08
1919.43
2633.23
8269.36
7325.74
5275.66
5889.18
3887.52
4416.37
1804.73
2401.27
7125.80
2373.50
4586.15
6739.17
8320.80
6604.65
6049.79
45.12
8135.64
1532.05
6177.16
1460.62
8338.51
8912.22
1695.61
2475.23
5988.54
9238.67
8923.63
729.52
833.76
843.06
3362.76
4266.64
3332.32
3801.94
155.82
7219.85
8218.32
7124.07
4784.64
5344.12
4661.10
4534.31
7246.81
2981.90
6302.48
3296.61
8190.54
4438.12
9992.18
4367.71
1062.27
8330.70
8443.45
7921.40
5969.45
9595.51
7160.08
56.61
325.04
7993.84
6063.19
3687.80
7424.00
9395.52
2653.26
7579.83
1778.89
871.58
9867.42
1727.05
1379.23
4528.52
1424.88
8626.04
2673.94
7727.36
7086.17
864.49
7329.00
7078.36
5232.20
8391.27
572.58
8839.17
6312.68
1705.55
8434.69
8636.28
1762.16
8759.73
6630.12
7825.36
7611.05
9217.64
2384.40
264.31
6797.47
9326.81
1135.90
6664.90
1053.86
7678.65
6356.94
2478.74
6304.69
9030.89
5369.62
3390.87
9895.38
2698.62
469.23
291.10
6253.42
6205.33
9130.27
7729.62
7910.88
7564.96
6365.90
9673.05
1488.21
8159.54
2661.93
4262.78
7377.18
5046.33
4527.10
9338.18
4373.14
826.52
1166.60
590.52
8505.17
7523.54
3069.26
4809.86
6554.43
8438.88
3364.25
1613.33
6301.02
8997.00
1904.43
2554.44
5202.33
6198.23
5447.58
8276.74
8926.71
1813.48
3113.31
414.93
5136.54
5775.24
4677.71
7677.25
821.57
4368.33
7015.43
358.23
5194.85
8182.03
948.75
8863.54
869.09
9181.53
8836.93
7423.53
2783.93
2201.18
9036.86
4248.47
6361.71
6104.82
1966.44
6727.56
7466.57
7414.02
5004.30
6393.28
4391.03
8117.61
1971.73
9527.57
9056.37
1812.97
2368.34
5041.46
6181.30
9383.77
5399.69
6539.68
2729.32
1511.96
5403.22
3598.42
5857.01
9403.67
1021.95
3804.46
6768.38
5222.33
8052.94
3130.09
6490.67
19.38
5021.17
3957.24
7433.40
25.48
5514.05
6987.95
3306.61
7485.78
1679.05
2362.99
9298.75
4047.39
7404.45
643.58
3431.17
7967.67
2346.78
1324.01
4643.15
7750.00
4922.43
500.17
2317.20
1107.90
4304.63
9085.58
1493.76
2357.57
7379.19
7984.43
7540.47
2400.36
7105.20
137.40
7589.36
2619.25
7125.35
895.98
105.03
8804.40
8422.49
4567.31
2851.80
5826.94
5210.89
1446.49
8958.13
7557.67
7934.02
3601.29
471.19
2856.46
4101.46
7951.91
9127.88
3569.61
7037.49
5785.16
1090.71
4416.68
8933.12
8631.18
1980.57
6038.32
3932.10
9569.93
3821.09
1057.46
5629.43
3926.12
5025.38
4051.92
3656.95
3040.70
5042.39
4031.36
4487.19
4000.52
6752.55
7584.74
7601.81
2387.27
441.20
6866.79
339.18
4732.60
436.41
1000
2540.20
517.77
6690.64
2120.40
9450.89
5321.82
4100.97
652.73
9253.93
3670.91
4473.82
5474.91
9300.34
3563.46
500.29
8515.79
2383.94
3541.00
3558.18
6415.30
3191.71
7558.70
8331.38
776.45
324.04
718.65
6381.17
7190.83
1057.83
6277.30
2790.76
8761.55
6795.07
9481.40
881.96
1409.48
9966.75
4982.93
7225.73
4384.20
3817.36
6863.07
9859.11
8281.23
426.53
5522.92
6797.02
2810.47
9063.92
355.20
4389.30
7419.16
3077.42
2720.68
3359.13
3401.46
8602.85
9740.31
5755.82
4824.20
1181.13
3710.10
3585.76
7976.20
3191.51
4467.72
4549.20
8321.78
9450.65
6938.45
2705.98
8431.54
3801.52
7728.61
6712.77
9391.57
3251.53
3509.79
7365.57
2315.46
9028.51
1754.87
4898.14
2105.93
9639.07
8257.27
670.92
8241.92
3161.10
1590.26
3066.12
4342.23
5300.36
6651.88
7481.95
3655.39
6283.12
7194.67
1977.17
897.30
4133.12
9846.67
9328.84
3098.16
7575.28
6041.61
2489.74
826.82
4714.92
9855.31
8305.80
3743.43
6773.70
8367.46
5849.36
6412.77
6624.73
1683.80
4654.69
4949.36
3274.06
2884.33
9291.59
3737.95
9536.22
1937.07
2556.86
5819.34
9131.74
4534.04
6716.64
8428.39
9544.23
1209.00
1526.55
7119.52
7250.61
9179.81
3109.86
1965.53
9035.12
1415.66
872.48
5808.82
9783.12
6721.85
2221.59
1571.37
3569.17
2039.80
1684.25
2006.76
4924.14
975.85
5744.71
9623.88
8076.44
8301.57
606.74
7208.18
7999.13
2486.91
800.09
7543.37
3695.91
7490.17
9826.41
6110.05
6669.98
8099.79
8075.58
5705.11
4678.97
8948.07
6677.45
9625.61
833.44
8899.05
1196.98
9566.13
6102.37
2881.24
1572.89
1026.51
9020.61
7317.60
5813.91
7097.05
782.70
6420.66
9468.75
8781.83
4071.09
5432.37
1488.72
7767.00
2922.54
6478.65
3877.05
9592.52
4578.44
7116.16
461.15
9257.41
1227.75
7138.61
8883.02
2061.19
1201.18
5243.53
1627.32
7303.55
8124.77
3200.22
3493.59
2308.90
5681.34
9307.50
4569.47
6464.04
891.68
9201.74
409.40
4962.77
4634.11
7061.64
7893.30
7556.65
3540.30
1770.35
2312.70
8118.74
8886.51
2773.85
2539.68
114.26
9912.46
1422.70
7338.97
1113.64
6666.23
4129.82
3580.72
9954.52
2493.56
7074.31
7426.94
8174.90
1545.33
1996.41
9802.47
7600.54
1198.16
211.87
7726.83
995.79
2437.03
5620.13
8552.45
5977.33
7390.49
6028.67
9259.60
1440.52
8802.52
1799.28
6718.31
3878.51
8385.50
9220.80
155.67
215.26
3350.62
3736.39
5333.30
5844.18
5974.22
2760.25
9182.61
7519.56
9920.18
8985.08
5120.10
6281.86
4360.47
2846.93
7277.66
1961.02
3630.59
993.63
7938.36
1021.08
7022.30
2361.48
7625.12
988.34
4160.76
9506.95
4866.85
7709.78
8727.76
5022.53
7925.04
2078.38
3922.44
8421.87
3086.09
9896.67
6345.64
2268.70
2579.75
6265.82
6417.30
2863.37
7711.21
5941.29
873.82
152.39
7902.31
4504.41
1146.02
1004.19
689.01
3331.84
3365.67
8314.14
4320.18
2689.95
7821.09
9187.04
399.74
1712.37
9373.09
3488.30
8954.28
3295.53
1910.17
2040.37
8355.72
8255.81
9472.59
935.47
4521.64
1053.41
3798.84
7396.37
2158.22
4672.67
7548.76
60.53
9177.08
8694.78
6228.25
9866.10
7190.14
9593.92
3343.76
1510.32
2283.88
6328.37
697.36
7847.14
8040.75
5233.97
1335.44
6995.03
3693.03
3245.62
4198.92
2048.75
1501.43
3671.51
2984.23
1186.59
9888.44
6783.07
8582.96
2046.66
1455.74
1295.24
7270.71
5796.35
5153.54
3498.96
825.97
2343.68
8256.41
4169.73
3854.01
540.29
5661.62
9714.89
3550.95
3702.37
4948.87
4886.39
5860.92
8641.90
8132.01
5223.36
690.65
4796.97
8894.87
8838.40
5983.56
8783.31
5621.48
9730.05
5993.49
2240.74
1025.29
3264.21
8037.09
6178.84
6763.17
8863.06
8522.52
5019.58
8196.31
7540.05
723.39
3857.94
7254.95
4274.34
2723.83
7367.34
4324.26
3748.28
1172.76
7619.79
8971.64
1863.41
2416.76
3030.04
5865.34
3563.85
6976.87
1486.82
3293.90
2970.37
8891.08
9482.71
6234.58
6928.18
825.07
8161.27
954.76
9347.60
8344.38
4314.60
6887.65
9067.77
3336.06
9306.12
8505.64
6059.89
6673.46
7993.42
4971.69
7846.22
5613.21
9106.86
4873.16
8029.98
2136.90
738.50
1593.83
4277.29
7388.84
51.25
7247.66
6279.92
4697.48
8645.76
8371.62
5522.56
6807.04
4489.91
4870.16
5151.42
8804.51
6921.33
9382.71
2140.57
1390.98
3051.87
3363.98
8064.44
1045.29
3499.20
1074.19
1822.03
2606.06
1110.87
9852.01
4742.96
7012.89
6609.36
9020.25
4401.73
1824.13
1431.44
5845.17
6521.61
77.20
4216.80
2044.17
2047.76
3870.23
2077.85
2362.70
2674.74
4162.71
6908.94
9978.83
5553.69
5124.33
8506.33
8781.65
1333.15
2005.53
5019.36
3155.18
4611.59
6130.23
8170.71
4518.07
3143.12
9943.59
8701.85
2708.37
1767.72
5296.81
8553.55
3452.85
5374.01
7933.87
5497.03
2585.30
1804.10
2738.40
4948.00
9642.36
2064.63
1856.94
4784.71
2781.84
6981.28
3291.04
6727.02
8314.43
460.10
1746.38
6633.13
235.21
3040.14
4803.84
4753.29
6183.26
4747.43
8618.66
8891.64
1678.67
3915.47
2608.71
5131.52
4453.00
542.58
5792.07
7038.30
7510.20
8530.48
1986.31
7152.56
5758.63
9006.77
1937.27
8540.48
1151.57
391.83
5267.50
4629.52
851.93
2177.40
1262.65
1087.15
5217.54
1230.01
1003.96
6564.33
5977.44
9622.62
619.49
7656.11
3538.09
3228.20
2787.64
7991.09
8934.30
3743.23
192.92
6444.50
2273.71
7342.75
3597.06
3195.87
6349.52
697.85
1736.35
2664.62
1089.68
2167.37
2457.66
1941.62
4344.77
3720.32
3028.77
4725.84
4950.33
9196.25
1290.17
6091.30
8818.87
1909.66
8910.93
7520.48
301.38
1698.57
675.09
9235.68
5441.81
868.01
5680.18
2879.04
8210.76
4440.76
1238.43
9723.81
5138.61
8138.30
2388.43
6228.29
305.67
9.61
3333.43
9813.97
3729.93
1525.72
4539.81
3843.79
721.97
993.50
5098.61
4704.36
8066.68
4009.54
2224.84
8368.06
871.64
2899.94
2767.26
1476.97
3767.95
8447.44
4356.01
7142.24
8051.72
757.97
6866.05
3190.33
8896.27
4418.00
4582.14
9201.95
4427.61
7915.58
4179.44
3321.07
4604.82
3882.77
2328.38
5326.80
4876.27
7426.99
5194.68
8106.47
1436.53
7419.53
6474.53
2308.17
319.47
9241.79
3785.14
9250.94
2852.75
3304.68
1556.70
904.47
4062.65
8422.75
9258.32
8122.44
8004.27
3840.46
2487.91
7595.41
6919.56
6667.35
916.48
6687.91
5713.64
8408.38
7178.23
5753.43
5835.37
2372.91
3859.90
7271.90
9792.44
5497.95
4743.60
5275.43
4739.74
3692.26
9689.90
2756.01
6996.94
1246.60
8824.00
6223.11
4832.88
8082.32
4345.56
8000.67
7086.31
6833.47
5596.08
9169.39
8664.35
1676.08
5857.30
4377.99
84.46
8199.05
131.43
5919.83
571.97
3991.33
8355.26
5527.93
9489.29
8262.38
803.37
9392.55
1954.64
5656.79
7312.09
4115.11
6903.39
6136.09
5501.74
6899.79
9381.94
9847.30
4900.47
1631.77
1844.30
496.55
801.16
508.65
7336.16
1821.99
50.16
7420.62
21.04
181.59
8503.98
5756.53
9336.45
6859.24
1284.47
8825.74
285.14
2087.84
3381.81
2239.78
2908.15
5857.42
1518.41
9811.54
7157.04
7020.16
1874.86
6538.98
6867.46
6775.33
8170.75
3875.28
2435.40
4135.43
9547.45
9771.56
5957.42
9597.62
2355.71
1141.99
9779.21
859.69
6898.52
9115.66
7718.93
8182.99
3104.92
8004.07
5434.35
1650.26
5407.37
8342.50
7507.68
6925.79
3317.57
4664.72
3945.95
5192.43
6367.22
5976.93
7131.28
9701.49
5015.74
9566.68
3836.93
4563.19
4501.77
4957.87
4160.81
6857.48
6099.86
3940.03
7717.17
8161.91
8219.21
599.62
1508.42
6487.66
3767.21
6942.78
3301.44
4338.10
448.80
809.12
6427.41
8929.89
637.37
373.36
4122.32
2168.11
1513.82
6417.12
1869.61
6529.56
1147.33
870.06
1092.75
5649.10
5827.93
417.09
7670.10
7091.32
9520.64
550.79
5253.23
7739.85
6313.93
6761.65
9391.03
5244.66
8867.95
2692.47
9582.76
9316.76
8665.12
6010.18
8246.65
9302.49
1547.06
7532.50
6634.12
8224.40
9113.14
8503.73
4753.96
260.47
9373.79
1010.24
1073.09
365.25
1427.33
8743.19
7456.57
947.97
4457.50
7873.32
3851.34
771.43
9798.49
3242.38
6016.09
8666.45
1098.37
762.38
3146.73
9763.49
6772.56
6556.90
4229.50
3483.14
9252.92
863.63
1707.55
8366.07
9367.36
6461.51
3790.06
3904.68
2635.27
4863.16
4269.93
9226.12
3606.35
1726.50
5337.61
8063.86
4763.34
9188.96
3998.81
4561.83
7594.86
14.91
8391.80
8693.23
777.29
6702.05
8456.73
2713.37
8422.48
2686.23
6196.51
2838.92
8713.38
7904.06
6368.51
8080.75
9529.10
158.58
1985.43
2164.37
5021.74
6255.36
6554.02
3791.61
3145.38
1891.63
7018.99
7908.72
1080.59
1017.81
7634.07
3838.97
6196.24
6025.88
2532.21
2137.05
7891.45
6152.46
4850.42
6313.93
4002.21
6210.45
9152.86
2715.60
4114.52
5521.37
5959.87
8807.14
5679.95
3108.82
6135.03
5865.21
9364.18
2689.05
9656.83
7673.08
4580.69
6675.82
5581.80
824.80
2857.15
3215.87
4663.78
4216.91
1000
4405.27
2359.51
6353.96
2296.73
3675.49
6367.90
8610.66
7677.70
2578.36
2927.04
5556.82
1856.40
3611.94
1516.69
663.54
9291.89
4625.51
1962.09
320.63
9153.21
4651.15
9977.46
6826.29
4395.36
1816.80
7571.61
5220.16
9837.48
5951.01
5047.46
4054.39
5519.80
7406.97
408.36
7816.53
1082.46
6776.26
1590.72
3923.69
4518.14
9681.28
9480.51
6374.54
3293.22
6160.73
2201.60
2585.12
786.24
9327.22
2905.75
5102.98
3978.37
8046.73
7092.79
3537.25
5027.05
4664.41
3920.93
4864.53
5778.94
8968.40
8918.93
1298.74
1538.89
4490.81
4278.80
7784.88
6430.59
5869.52
1708.57
948.74
5550.80
6352.60
2486.80
8844.03
2513.33
9851.93
6592.67
8463.10
9179.15
4661.94
8729.60
3157.52
7872.19
5822.39
1858.29
2899.24
486.80
5779.22
2927.30
6265.74
4747.62
1846.23
2728.01
1450.04
1500.56
7006.81
9234.92
7931.15
8039.85
943.49
4043.41
3590.65
2459.61
6530.22
7598.20
136.47
6382.15
9354.39
8599.57
5561.30
9179.85
7329.17
3882.34
7052.04
8315.08
904.15
5114.81
8801.89
6683.37
8042.11
231.15
6594.52
5051.86
2959.16
8044.56
6552.42
5129.49
7279.48
9647.09
3169.34
3386.49
8854.03
1923.52
5846.10
5384.25
9521.72
1146.09
6929.92
4039.64
4909.18
7654.74
8383.01
2238.35
6700.60
598.58
5716.96
7604.75
5713.39
4518.85
4288.12
8919.02
9913.52
882.64
9134.40
8036.21
4090.72
850.34
3165.70
1370.20
497.43
6335.05
9920.21
9351.46
3422.09
929.84
9899.23
2943.81
2075.93
1992.67
2146.97
6985.12
9647.41
529.99
4386.99
1511.53
1128.57
103.95
9116.28
2005.48
9786.32
8567.93
6088.02
9699.85
9450.57
5222.42
2899.58
8704.82
6072.76
6065.28
75.02
1733.71
7563.85
5158.76
6248.70
985.94
6088.60
6147.93
9093.28
8164.53
3304.13
6403.77
313.17
2951.54
2097.28
4700.17
9626.60
3225.85
4804.12
8742.88
394.85
4590.45
7310.81
6482.87
9453.82
1924.91
6868.81
2353.40
629.73
2941.57
3582.20
5868.27
9838.81
6309.58
1027.03
6087.51
2459.04
7115.63
7398.96
6715.84
443.69
703.09
3119.62
756.86
8818.16
5216.90
5457.03
8444.76
3606.28
5424.68
7187.64
9164.65
5178.65
9661.98
811.05
4632.47
1586.89
7679.86
2149.39
2216.62
621.44
895.11
8084.89
5623.77
7204.69
9111.93
1711.28
9663.74
1391.08
9110.24
6379.58
1834.77
4976.86
4662.72
2591.64
3795.02
9879.63
8048.67
2239.78
8649.43
3473.35
4590.94
7814.08
3815.52
9416.44
8625.13
8447.99
1003.33
6305.00
5760.90
8383.47
2089.96
6656.02
1631.89
7713.73
3860.71
5907.34
4588.53
8687.97
7298.42
3698.77
231.08
9133.20
3839.15
4893.80
6888.36
7634.17
4773.43
100.55
5037.47
8586.38
8737.43
4791.94
6400.47
2552.95
4208.38
189.12
1000.95
5211.72
1657.64
1925.37
8758.71
3747.60
8581.39
390.60
6624.85
7605.63
6297.94
1213.38
6293.60
8759.89
75.68
1688.20
3056.61
9078.35
6582.01
9944.97
6712.53
6518.96
45.52
6913.52
5105.35
8782.95
1705.46
6669.34
1335.91
5913.85
6858.46
7500.38
6289.09
8516.11
9425.75
211.32
7427.23
3170.67
601.93
4052.09
776.30
2063.39
428.99
2233.42
5986.80
5668.19
3921.63
9043.41
4746.55
503.64
4151.90
6622.60
2186.12
4197.43
3536.12
7291.47
8143.90
405.11
3960.81
4643.33
1482.48
5982.80
7307.23
2935.09
4498.91
6732.99
3146.41
1926.14
5067.18
8911.86
1141.75
5843.48
975.26
6734.27
3240.42
6962.06
7565.98
7162.05
1169.00
7476.05
2829.21
5320.90
4098.65
5015.34
4681.85
2798.30
7470.33
2825.76
3203.41
1431.15
2632.61
4685.89
7413.95
9939.85
7620.98
7076.38
1836.36
5930.91
9002.52
6903.54
4842.78
5307.80
7910.54
5818.04
2042.07
6314.48
7943.62
4771.57
3476.54
9112.62
2247.63
1469.27
4433.53
6346.28
1648.13
9115.38
4308.10
9118.47
7104.66
7511.51
5713.14
4900.80
7360.92
8290.61
4840.65
145.42
5366.99
1840.53
6076.34
9533.03
8744.07
919.12
4840.83
1818.13
1900.68
2046.42
8132.61
9844.30
6818.00
6772.67
4120.45
4229.15
3405.47
8553.98
575.43
5053.60
2832.88
4883.54
4172.07
5101.07
7558.57
5048.73
1.87
4919.50
3339.34
6.04
228.44
8706.33
1846.57
6304.78
3402.89
5754.16
7223.90
3407.24
2735.81
4288.10
5453.67
868.42
4132.41
7435.19
2804.62
8252.86
1664.34
6210.09
1970.36
7403.29
1263.69
9966.76
7450.35
599.29
231.35
172.45
811.54
5396.74
5091.95
4150.89
5402.78
483.91
8020.74
2412.87
6788.70
1423.63
3330.55
9176.12
4830.88
6066.36
3464.23
5448.07
2098.31
7596.64
8046.78
4902.93
1013.02
4874.64
6276.54
8146.90
2277.93
2703.75
3277.18
4891.81
8466.56
3508.54
5064.26
9278.11
4068.80
5319.73
8592.52
4635.11
5803.64
6613.26
7047.98
7755.86
3200.42
5542.06
6931.99
3194.82
1608.42
396.22
3806.41
8870.25
3156.38
1853.19
8936.70
9332.92
6727.83
5213.24
7479.82
4169.28
7917.00
5920.52
4224.61
6383.56
4592.58
9288.87
825.19
8661.39
9772.12
9417.71
3296.50
739.29
6030.98
5508.00
8495.15
4394.92
1050.06
5427.14
7589.74
7822.01
986.88
1396.15
6692.26
4143.26
8412.86
5628.97
8639.70
304.21
842.21
1283.04
4473.49
3922.73
7203.57
8698.11
306.30
1796.15
3150.50
1131.49
457.54
8086.15
549.21
3754.04
8825.44
1743.71
9262.05
7320.59
6138.63
5475.63
7911.26
8891.89
3297.64
8898.14
5451.56
9989.91
8204.93
3864.42
5618.88
6844.63
4168.63
1624.61
8127.68
3805.64
5547.35
5331.25
7667.27
1017.17
2290.92
5981.30
2148.66
7911.99
4067.45
7861.39
1666.03
2892.89
4768.62
6091.60
5377.00
6070.77
6730.76
8451.78
4962.66
28.40
7349.93
5577.74
18.31
718.38
4605.68
800.71
7563.01
8774.31
7588.85
854.21
7743.48
3136.20
6185.46
574.27
4153.37
3639.91
6555.57
1465.55
1551.90
623.02
4490.47
8381.45
8679.43
9259.09
9636.58
9219.96
5329.87
6367.34
7671.74
5456.05
6395.74
185.19
1033.80
1577.58
903.57
5639.48
7541.81
8466.59
9577.32
5130.66
9320.80
2484.32
3430.38
669.79
3058.59
7583.75
9473.22
9614.17
4212.83
1025.12
5400.71
8703.30
9406.57
9243.67
7962.39
9043.15
8463.63
8455.78
574.01
1298.89
3911.84
2133.28
1484.09
109.16
8874.38
7551.18
912.16
6416.19
1181.29
489.48
6710.38
502.10
8137.32
140.76
6335.41
1195.92
7724.52
5808.63
5973.61
7100.87
1997.27
1374.32
5804.17
1403.84
5781.51
8930.08
5610.52
9408.66
7385.87
6184.53
707.56
6461.23
3481.33
7355.17
1733.91
2355.71
4906.35
2646.07
8771.91
6087.65
8299.08
5482.29
1753.27
6436.40
786.57
3252.20
7632.32
3674.61
4224.35
8769.45
775.48
6221.62
143.78
6579.65
7625.46
1088.81
673.26
8399.50
497.48
3222.65
9747.56
1205.04
9683.88
3228.89
3723.73
6581.31
5584.61
3793.60
9227.38
9520.04
9881.25
2689.98
165.85
6798.04
9126.39
952.42
5213.76
1922.23
4627.04
9438.11
691.69
5402.52
5659.73
5998.99
7145.70
8448.72
7087.80
7818.96
6848.22
7585.28
1041.61
6595.78
3953.84
5889.01
4988.20
7677.57
2470.32
572.81
1471.18
6861.22
5256.37
6515.95
9551.21
5422.22
8477.52
3841.12
1538.16
3691.28
5763.35
1328.72
3129.40
1618.56
6731.25
3952.65
2781.07
9040.47
2401.37
9868.88
2022.95
9249.60
2617.68
8228.08
1008.90
1735.05
4117.09
1160.62
4576.14
1750.93
6896.95
1210.84
3775.67
2153.32
7726.80
3326.88
2739.06
1367.84
7168.00
4277.23
222.64
8094.88
5605.95
3352.04
4876.96
7500.72
2468.22
7658.04
1704.71
4869.59
2690.44
3727.66
9282.71
471.64
7119.26
5455.14
2206.69
6399.87
6615.76
6782.84
8150.80
3512.72
7993.68
7090.00
5666.04
884.00
416.88
3568.63
7415.36
2748.41
7845.86
7638.01
6006.81
8615.33
6153.57
883.77
6116.06
8621.79
3705.33
2984.29
3491.39
6395.77
6711.96
7937.62
6867.42
8994.74
3392.76
4237.63
5394.62
8.53
6183.99
8708.94
8684.77
9341.20
5798.94
4350.81
5388.72
1379.35
3082.96
2804.09
4127.76
928.82
5605.62
5298.09
9544.16
1759.19
1345.38
823.74
380.99
5050.72
3808.03
9035.90
6610.01
5683.51
6973.52
8640.95
4678.26
5529.81
2878.59
5236.40
701.86
4226.10
3945.34
9386.63
3567.30
9744.29
8900.96
8956.03
1123.64
1983.93
6923.64
414.92
2912.75
2529.26
876.53
7620.43
4288.45
2221.91
3607.69
9832.96
7272.63
2579.25
4032.38
9046.17
8262.76
1005.91
7687.12
8104.54
1699.24
5729.23
3340.94
2401.10
9955.34
2449.81
1787.73
8686.16
2194.10
688.69
2805.71
8481.26
2672.62
9729.35
4059.70
748.90
2258.61
4936.23
3532.85
1710.59
7158.14
7140.55
1543.55
9594.30
9719.80
5575.94
3803.99
3146.08
1745.37
1491.11
6414.15
3444.61
2383.87
4918.61
1009.23
7502.73
7368.42
2796.96
6188.89
4726.04
8649.17
8994.61
3207.30
1321.80
3887.48
7267.00
7234.22
6146.10
7366.75
767.07
7856.69
4524.90
7907.62
4563.76
9282.72
7627.42
5303.22
3086.71
5937.03
2212.11
9741.34
2351.18
820.24
7288.73
7269.79
1829.47
4791.46
1000
4638.22
4626.43
6143.88
9364.26
3275.61
5138.49
7735.09
9760.93
9025.97
165.61
6995.15
335.59
7532.37
7762.22
3355.80
7220.79
833.37
7919.57
1667.03
3624.31
8386.31
9917.26
9561.34
598.43
9658.60
7076.04
1418.67
6947.34
4345.84
3248.15
6902.32
4147.58
3038.10
3046.20
8675.36
1477.23
8184.69
1573.97
6401.68
2374.19
1739.59
8560.35
7873.30
4435.48
1486.10
1229.11
6819.79
2319.47
4312.20
8486.82
5943.78
2698.51
3567.60
668.65
8460.46
8389.72
7744.69
9879.14
5337.06
7254.05
8290.81
7402.91
1401.63
1328.91
449.11
5240.52
7969.67
3797.33
6814.49
4371.35
1335.04
3717.60
2931.71
9208.34
8153.08
4417.81
437.45
136.39
6737.28
9913.17
3786.73
7844.58
7775.21
7354.33
3676.75
6235.67
5744.06
6584.97
1278.33
6244.64
3839.02
9569.14
3647.55
404.18
6061.58
4096.67
5644.70
4031.25
7894.00
7622.71
3566.12
4392.56
1340.32
6497.83
3600.90
4656.92
6079.16
9201.88
4793.32
7979.96
9115.05
8580.05
988.07
2053.78
1097.91
4664.82
8289.46
6841.97
1249.79
4731.31
3086.61
252.34
9463.98
1897.69
656.52
5525.56
1157.88
1464.74
4720.33
9051.88
9087.45
8286.45
3444.44
427.77
9947.81
2208.86
5084.70
1190.49
1410.74
5041.54
9170.46
5689.32
3621.59
158.53
7743.10
9883.02
9986.87
1196.08
6724.99
6400.19
5927.40
4975.13
6652.53
5391.38
2036.34
2472.57
6080.46
3194.22
3937.31
5964.31
7409.62
3024.76
9414.28
6017.58
3452.54
4525.61
8226.44
3700.76
5716.11
4800.71
8742.30
4886.57
490.03
7527.41
208.62
3396.65
7410.44
5359.01
4592.74
9298.95
1759.20
5683.66
9437.60
8411.73
6238.56
1473.94
884.30
7482.54
4668.16
9985.13
3446.85
2077.78
3009.90
2861.13
8095.36
1625.96
7386.75
6321.81
490.24
3102.86
1122.52
4396.06
3152.95
6776.07
1923.47
8525.09
172.72
4497.43
9047.62
9928.98
3796.39
806.83
776.16
3233.99
4382.08
2178.24
9871.46
429.91
9660.78
4539.62
415.04
3107.63
6617.41
8588.46
1132.29
4712.77
214.42
3682.56
6198.10
5868.18
1948.94
2484.14
264.24
265.41
9260.21
7351.24
8790.50
4596.46
1848.67
7838.12
4525.44
808.58
3808.47
465.13
9206.10
8190.56
2643.37
9077.56
3783.99
2304.16
3617.18
4199.03
575.31
5398.11
7951.02
1707.60
5274.41
3328.96
553.68
1472.51
9197.15
2502.62
9120.18
9461.39
2768.03
8380.39
6812.63
6722.05
8140.37
3824.83
4560.18
2665.82
4633.41
3532.17
8294.47
9003.03
6886.25
937.84
8080.59
670.24
3242.00
6861.30
32.80
8980.84
2259.41
7983.82
5851.96
2697.34
1312.78
6405.65
4169.86
5673.45
8908.27
8453.56
298.37
1676.31
1997.47
2274.52
8398.36
137.85
6099.35
8122.06
7967.19
5896.29
6817.76
6261.66
4899.32
3704.01
7199.50
8143.44
4374.26
5605.03
5004.74
9570.58
4585.87
2427.67
7554.40
437.83
5125.02
4030.70
6843.48
4458.40
4867.68
915.28
2911.96
5166.05
2591.59
4909.43
7440.57
6153.47
210.80
8703.45
9439.06
8177.99
4599.74
1420.34
4439.65
4662.58
5124.35
1639.16
2806.02
9498.61
7244.19
2974.28
9069.19
1830.06
5401.96
1787.11
7431.41
5690.50
981.34
4274.90
5312.42
5849.02
353.70
3387.90
1015.07
2945.29
3460.85
3619.16
4262.28
3671.66
2322.61
8864.86
1849.65
2085.87
285.20
6289.31
6748.46
573.08
3091.99
9554.48
5235.21
5499.70
2528.77
9467.93
2493.28
3094.25
1255.04
9924.69
3948.27
7399.90
9363.11
9260.69
3248.92
9716.81
2648.59
9427.51
7825.62
1272.96
8210.20
7251.43
4944.62
532.81
1279.81
1957.80
2618.69
6728.54
3410.63
4530.67
7301.62
6502.62
4085.15
2536.83
7165.84
1777.44
2004.76
9659.12
35.21
8423.33
4747.33
3983.48
5823.23
4110.45
8407.69
4235.68
8990.78
1056.28
3663.19
1979.93
2329.25
7036.91
9231.36
2437.39
7569.73
5674.69
4395.19
5351.94
2403.23
7805.82
5046.13
9704.85
9471.96
4294.80
2241.69
1801.32
6072.25
9409.97
1460.44
1270.98
7833.30
6207.78
5254.47
8820.06
5481.75
3662.16
3055.74
9636.05
9881.97
1882.45
1615.98
7374.74
8919.37
6010.86
9812.13
1652.62
1685.56
9370.85
2168.08
4088.79
2340.19
7214.21
8957.17
6975.68
1509.01
6362.38
8777.00
2744.78
5772.35
5400.97
4015.77
8769.18
6772.27
4433.76
7589.24
2254.02
8095.92
5808.50
7053.59
3141.41
2854.47
3833.10
516.15
1773.84
9843.96
5491.81
8589.98
1529.52
26.18
758.06
781.84
2366.37
3135.79
9739.01
4505.57
9808.33
6101.39
3282.58
2553.11
7037.26
8683.55
1732.40
5806.44
619.34
6166.16
8559.20
2873.36
9425.61
9531.22
5090.47
2567.02
2385.70
8923.57
8246.70
4159.54
3931.06
3738.51
7913.05
624.10
8928.21
8671.11
1405.94
6458.10
6970.43
6308.47
963.68
6778.76
7573.38
9409.78
4495.39
4610.65
3256.85
6227.80
5580.61
3876.19
7557.48
9303.34
1913.07
6983.09
8834.56
2167.06
4713.64
1220.26
1090.64
2960.34
543.33
5021.70
1862.37
3619.90
5645.80
790.58
7454.53
2215.27
7248.68
4424.96
8523.74
3375.88
6367.24
1260.65
7949.18
862.64
1034.82
1206.03
2253.96
6615.43
245.74
9811.44
1082.29
7322.33
6794.54
9916.86
9489.40
1508.18
6300.64
580.04
9632.04
2007.49
765.26
1494.41
5627.39
1574.58
7448.51
3081.93
3789.85
9860.71
2670.41
7477.12
3236.60
9037.66
8737.77
1185.78
9900.30
9772.59
7555.34
2154.26
1551.54
2964.60
7129.22
2633.84
286.94
3923.76
7714.22
9776.34
595.46
4014.86
5519.90
5391.02
1185.88
6285.16
6885.43
1976.79
7859.74
4333.94
5058.72
1649.60
4194.66
7729.14
4290.24
2594.78
1930.32
3028.01
8944.08
1830.62
7964.12
1662.94
9148.40
9515.66
4627.55
6277.62
7313.02
78.01
5364.91
5027.24
9854.35
1123.89
4205.63
5374.25
6514.92
5391.51
6822.93
8563.87
2531.82
4682.67
8061.34
7590.55
1495.79
7419.52
483.21
5786.03
14.30
2413.53
3977.56
4121.90
9407.67
7105.20
948.37
8556.07
1784.39
5575.92
9997.21
9097.41
5653.93
5362.12
4124.66
671.80
1649.54
3493.81
1209.57
8164.46
4048.84
8032.50
6728.33
6580.66
2715.17
4789.67
9334.73
9374.49
7372.71
9817.94
324.04
7387.01
7394.99
9465.13
6672.44
1966.18
6570.33
7620.81
5685.77
8354.72
8360.25
5682.99
7452.14
9177.70
6208.63
6740.32
9849.50
7858.17
5397.65
6222.59
1186.15
9446.49
4255.09
3078.01
6027.15
2133.78
3031.20
5361.89
1508.27
403.92
343.35
6995.84
2954.45
2901.87
6460.97
9626.89
31.57
3031.30
2411.22
5717.35
6549.55
771.47
1400.34
9165.21
9949.17
2772.49
1069.05
4962.19
5794.19
6466.70
1184.78
6980.34
5913.19
5439.87
58.35
7103.86
2737.18
3089.56
7629.27
4245.45
8657.00
3136.15
1241.29
1611.45
6038.02
2865.78
6401.87
6069.59
5897.09
8813.09
6950.46
2446.64
9584.57
8350.80
6775.37
4697.26
6286.82
7844.42
9659.46
2081.01
4311.12
6007.76
9061.35
224.31
6611.16
4283.23
2491.69
9348.34
2536.31
120.97
8757.31
1193.31
3257.12
5162.13
2804.76
4458.66
8027.91
4370.15
5691.77
9088.52
3183.25
2642.24
6698.68
2767.82
6156.56
3474.05
2628.60
7606.90
1318.47
7451.58
9687.91
5629.59
3459.35
3912.79
1017.42
70.51
8196.02
3509.12
4582.37
732.33
8793.61
8503.20
7089.16
7214.25
3665.33
5057.44
1672.91
6856.77
9427.60
2528.20
1108.81
2610.85
333.96
7807.50
542.19
1654.05
1281.55
3170.79
9260.95
7763.55
622.38
8948.87
8556.66
9245.25
2861.66
4737.61
4479.28
6221.20
3410.25
9061.65
6953.53
2203.86
7564.85
9206.21
9418.11
6393.71
4263.65
6254.54
8414.00
3691.25
8782.74
9522.81
1465.62
9116.71
2493.83
2007.81
770.76
8938.91
342.13
31.71
6702.46
6128.03
4144.10
422.64
5373.28
2169.28
5160.25
9852.56
8390.48
8570.50
8914.21
507.53
774.36
1642.58
9713.74
5355.99
3199.81
3977.40
1610.53
6777.33
2832.17
5556.80
1463.67
4297.80
4673.51
3957.50
1469.13
607.79
2896.41
1811.26
5803.02
4762.39
7939.29
5110.65
5185.04
3312.57
7279.93
345.29
8328.65
5670.42
8915.80
2406.38
6177.95
4853.68
9212.49
5891.70
209.68
7575.82
5032.62
6983.73
4353.16
7864.79
2540.53
5816.83
2162.59
2377.56
9774.33
3631.73
2985.35
7834.27
606.51
3951.90
2596.66
8545.81
9062.55
7781.70
7021.90
1506.00
8127.00
514.08
7176.42
2206.32
2920.46
8517.90
7060.00
2132.95
9573.12
2433.20
9708.78
4605.74
9416.94
4061.94
2470.53
1957.47
5042.29
4633.13
9498.56
9980.14
3428.38
7647.43
2977.93
4034.89
1599.33
5574.60
7744.22
5825.40
8519.82
9929.65
7331.41
6646.82
443.73
9671.35
4016.66
3364.19
3352.77
1076.67
660.67
2925.89
8673.39
369.45
7531.63
8090.33
9594.91
2.17
5211.33
9800.72
9798.82
4709.89
9780.86
3227.20
2357.32
2758.80
2425.61
9120.18
3496.92
169.84
4945.58
2016.74
5263.01
7440.51
3827.09
5706.74
2275.39
7843.75
4234.45
5628.16
8920.42
4895.12
8554.06
2757.34
5264.57
1249.21
847.67
23.00
1251.38
6059.00
9823.72
1050.20
5932.41
9604.59
9440.92
1000
8289.74
7526.91
1866.54
7409.92
1023.83
7199.90
7519.02
8204.09
2462.91
123.06
2031.18
8169.65
7561.97
9874.94
2404.10
3190.13
3958.88
2462.75
6907.71
6716.22
7727.32
8156.93
2727.42
2913.85
4571.83
3949.94
2737.57
785.56
9882.36
7505.68
5390.00
3335.62
196.11
7256.54
5909.06
6383.46
9619.96
8591.60
4587.56
2082.87
8714.66
6618.74
5416.04
6276.63
1657.20
2983.67
4630.29
5616.09
5446.42
6701.52
7495.83
8337.26
21.97
223.25
1251.11
4593.81
4173.20
3988.69
542.89
9219.08
1494.37
5932.89
2554.70
1690.49
8352.96
3627.28
8073.95
7972.92
2218.88
2661.51
55.80
933.55
4443.78
5471.84
2373.70
6100.98
8455.51
2167.51
6880.59
9065.45
8869.04
4376.43
7402.72
8891.01
4599.68
8653.83
8648.34
3936.40
2642.52
9191.23
3155.48
9300.42
287.65
873.70
990.91
8640.61
4500.98
4228.38
6613.53
6719.87
2053.42
6669.33
2816.94
1660.72
7304.70
354.16
7761.70
923.73
2521.68
4642.30
9989.19
6554.24
4182.25
7391.91
608.77
8781.93
6045.74
9257.12
7881.86
3851.79
3611.87
1037.34
3152.21
3899.52
1911.05
9306.64
2540.13
1575.55
3535.02
9153.67
8295.42
751.96
986.52
1112.36
2412.68
8291.22
6630.05
174.39
4378.48
9151.73
9980.21
4367.67
869.49
4162.46
6923.10
1478.26
8107.91
2968.84
5898.90
5989.77
6820.63
9510.78
2190.64
9972.84
8573.82
9265.21
9279.48
6277.48
840.76
7978.03
5431.15
4299.71
8729.99
1581.19
575.59
1142.68
9872.42
7205.64
6480.59
9414.42
6357.37
6460.80
3782.09
2390.38
5786.78
705.19
3868.65
9058.21
8837.55
4931.07
211.51
821.71
4441.85
2402.15
5958.07
8179.20
6830.88
401.08
4456.68
7671.64
8379.11
5051.35
7134.87
2272.62
6632.54
7710.47
3415.30
1668.48
4916.11
5059.41
1082.90
6437.01
6683.73
4864.99
8827.39
7634.03
733.70
7859.56
6692.25
9571.26
2790.64
6903.76
392.97
7232.49
4469.43
6351.04
575.21
1300.31
6752.12
5031.89
4135.47
294.75
83.24
1270.35
2567.38
6715.79
8980.82
1146.20
8384.27
3896.93
6205.62
9467.18
333.94
8052.87
9495.69
4324.86
5686.91
229.40
2184.42
2379.16
4964.18
4975.06
4446.44
5357.15
7371.08
8915.87
6871.71
7946.29
216.18
8787.36
8141.71
4351.65
9082.11
8224.95
785.52
6813.01
104.26
9766.34
7959.22
3652.06
8826.80
9328.36
8282.76
4324.26
2544.75
2941.97
8649.12
8231.66
3171.37
833.55
5774.34
3299.07
972.13
220.78
3819.74
8343.21
9136.65
691.46
6289.51
4516.35
4642.34
4431.22
8868.01
3724.45
7819.69
4817.05
5700.99
3087.48
4583.40
8823.73
1903.06
8573.72
3315.61
185.82
2897.98
5860.36
8291.31
6710.63
4092.03
1462.69
7544.18
5029.89
9925.28
8516.31
5250.68
3745.03
2023.05
9550.85
9600.01
8312.56
4067.21
4242.35
7907.30
8098.74
3130.32
890.51
2915.79
8831.31
9141.51
2662.71
7655.04
1044.57
1236.43
970.65
6393.91
4134.42
6831.02
4685.23
6008.57
6086.57
1311.44
3552.75
1116.46
1236.72
7232.58
1530.66
145.27
9255.63
1081.52
9745.28
2731.71
5148.73
3987.63
5802.53
3247.47
7117.96
6693.05
1326.78
5949.27
998.08
3989.50
8767.84
7206.18
5225.93
4902.01
3600.09
4523.87
1733.03
3448.84
532.44
2983.12
9923.80
9248.71
9263.11
1160.53
6481.30
793.77
1305.80
900.45
7038.81
1051.09
3632.17
2187.54
202.24
4598.22
598.53
7320.20
6454.79
1925.32
8433.00
7452.88
5914.82
2364.36
4659.06
6304.27
7266.37
3422.67
828.15
8999.41
6871.52
6524.11
7146.05
6795.32
5772.83
6409.16
3119.37
7417.65
2366.46
9588.70
8318.10
9405.27
5803.31
7113.79
6756.34
6005.55
1712.02
2518.39
8489.28
8166.81
4443.71
6922.28
783.21
5522.05
4450.16
5442.27
1826.33
1716.53
4028.47
7818.00
5879.46
899.99
9505.63
3025.52
2858.83
441.98
4598.20
5978.21
7859.63
6964.66
730.43
1341.26
1533.46
6533.74
3618.57
3453.32
2539.29
494.11
5971.71
6192.09
8660.93
5578.95
8277.89
4607.66
1101.00
2728.05
5213.46
8090.85
4444.59
9241.93
1072.37
324.05
141.92
5741.53
3349.57
8164.27
6183.51
3111.30
4142.48
4043.15
5239.48
4872.91
547.93
6772.94
6570.17
4166.50
5389.78
4272.99
4660.62
1361.50
465.08
8485.07
2103.97
8742.98
8256.25
8368.49
1471.03
3469.71
1622.87
1079.14
2711.64
2695.24
1403.20
8017.08
3600.29
9916.29
6181.36
9783.81
3027.59
5487.36
8990.48
8267.08
5523.80
9538.41
203.54
2093.97
8868.43
5593.33
6366.96
8692.57
2118.35
1995.57
2341.16
4222.32
738.55
597.42
2590.81
7373.10
4067.13
4213.68
8452.25
6778.78
2072.45
9855.45
4795.86
5672.74
9771.74
6140.74
620.07
7962.86
1628.11
9610.55
1393.46
7151.91
4312.48
1597.00
9245.88
3180.92
2353.85
776.37
1873.49
9635.72
2771.94
9378.18
9021.56
3510.49
9975.60
1612.38
6047.11
4042.73
989.58
4499.36
5985.03
8225.55
9518.33
5944.42
3898.30
4453.60
2085.16
4518.37
2416.46
3713.27
9292.45
3809.92
865.18
3604.93
570.44
5274.59
6785.85
8087.82
6050.96
3822.87
7723.54
8822.90
3201.05
6745.11
7496.91
3176.65
3521.01
3544.02
2382.90
4510.59
3206.91
8367.94
2736.15
2725.24
9475.88
1797.97
7178.84
1561.04
1479.86
4758.82
5274.32
772.31
8568.74
1303.02
4377.25
4302.71
6577.61
6326.62
2390.53
7792.09
149.49
5277.59
1778.51
8514.06
7186.22
4438.94
6854.23
707.23
7982.97
4400.66
381.35
6353.40
7932.12
8281.02
9078.64
7408.00
5242.51
1421.01
8969.04
6722.37
6179.83
9406.88
2658.21
9912.10
709.91
7035.46
4214.81
2451.04
8525.60
1768.86
5406.66
3838.62
7046.45
7185.17
2352.68
4232.68
1624.12
4370.44
103.43
4770.61
8771.10
5648.30
6287.53
6703.22
3929.32
5366.17
4111.22
4335.35
1950.70
8243.78
1057.73
8130.54
7650.67
3715.94
8042.64
3524.10
5914.92
7420.97
1138.66
4440.52
9189.83
6545.32
8279.14
1399.80
8894.02
5795.35
5632.48
5681.66
165.79
899.44
452.27
8936.89
6547.74
6739.80
5640.11
5640.59
7269.49
4914.85
9975.94
9220.20
3158.63
6197.19
2514.26
809.30
9913.13
5720.42
9496.92
991.57
3141.39
635.59
595.62
2331.22
2344.43
8874.76
3731.02
1238.45
4670.11
4527.03
6920.11
9999.42
5426.47
2535.90
8936.31
7137.73
4439.22
9739.94
2778.32
6872.24
9818.31
7917.79
1255.96
2976.95
4114.98
3770.22
8949.77
9191.64
9490.64
8446.70
183.21
2632.03
4245.81
5942.35
126.77
6590.24
4817.12
9021.31
7828.70
4650.75
3548.34
9912.33
4650.18
4138.33
7611.76
8750.01
1276.07
2050.98
3653.48
9217.91
4086.74
3471.79
2299.22
5342.70
1612.26
6414.21
4276.44
562.04
769.37
8930.60
4172.26
6116.10
1562.63
8418.07
2058.46
6852.92
171.83
6875.58
5874.24
3164.05
6689.85
4586.10
3076.39
1340.03
8724.44
5851.67
5253.57
5164.03
3066.17
8907.05
9545.46
7152.92
2378.84
1844.69
7659.14
9154.63
8258.90
1935.59
9716.67
9028.27
866.19
9052.45
5144.37
7592.35
2634.04
7202.83
4445.27
2805.87
9241.93
5483.03
5969.93
5931.79
69.14
4209.84
2435.34
3957.10
61.51
7688.91
9121.13
3127.68
6595.96
8666.59
5444.12
4138.33
511.28
3103.27
3292.96
3933.70
202.38
8173.15
2961.97
1068.57
7225.60
3269.87
3824.44
5023.16
5636.22
3433.24
7829.03
4878.16
8916.27
8962.48
5973.47
4148.93
8335.84
8408.81
8106.03
3560.87
6097.73
7227.16
1852.08
7857.21
1057.28
7296.20
7159.06
1568.56
5562.99
5615.54
665.79
5765.37
3788.69
8791.28
1997.47
6177.81
2061.15
5821.91
1200.97
2860.90
9255.15
4193.53
2902.58
3334.95
8319.53
8876.05
7483.88
6655.38
2448.38
5589.92
216.25
3709.63
7980.60
2068.33
1566.85
9037.88
4528.06
3889.43
5769.97
91.05
9504.98
6435.76
1019.95
8457.19
5227.04
3017.42
4635.01
2451.72
8839.33
999.50
5312.62
8094.49
356.55
3378.72
6592.96
3839.61
2254.77
4076.84
494.99
4703.15
4830.28
5874.76
8412.79
2810.89
3106.62
5143.16
7012.29
7634.68
4196.11
2782.26
2889.25
3701.09
4381.54
3909.20
7321.81
4772.11
6926.62
7120.34
7223.83
929.48
8119.84
7699.97
4187.49
3639.92
1078.69
780.45
7479.53
8496.98
4857.29
3138.04
3200.13
9687.58
9012.80
6776.44
7661.99
7282.94
7083.12
4674.28
81.14
1279.24
2620.07
2970.40
143.85
7001.61
2043.12
7465.66
1773.72
4133.27
4586.00
4161.07
5062.75
7869.37
1861.04
9250.24
6672.81
8103.25
30.69
4152.34
6600.23
4887.98
2453.90
4963.89
9739.08
6630.22
6903.85
7401.07
3913.17
9150.50
2075.36
3994.31
5593.26
4695.43
2128.23
900.63
6860.56
4171.36
8366.30
8634.29
8304.63
8115.82
7958.88
8530.90
1148.71
4983.45
7781.14
7821.52
3086.70
2975.35
7137.38
4850.46
3026.85
4754.80
4977.87
2765.94
1385.03
1881.72
5330.53
5298.20
6195.74
7405.89
4456.03
1789.00
7264.84
6584.27
2689.64
9288.93
5919.15
6219.46
3086.74
9387.30
9498.80
1045.62
7918.20
5811.04
6029.07
5699.34
3632.56
4279.30
8674.69
5933.47
9129.76
1701.54
5851.79
1000
9271.15
9631.00
7236.82
6316.39
4961.54
7698.54
2512.14
7530.95
2154.58
9464.66
9959.32
8738.85
7317.82
9248.25
9821.52
3537.28
2334.99
9208.82
8199.61
8544.13
7127.02
4010.65
4573.21
7989.88
2806.73
4016.03
1828.09
3903.72
3145.79
8693.15
9755.52
7580.46
8324.16
6992.34
3896.85
8449.22
4690.89
6408.99
1143.69
2008.99
5873.66
1103.01
5911.36
8355.00
5514.78
5732.88
1892.29
3013.29
4941.70
5255.42
1557.43
7232.24
9266.07
1294.16
385.64
2072.80
5310.19
2213.73
5976.53
3619.50
6070.40
5732.05
1199.96
9558.08
7887.91
5096.81
8007.30
7742.32
6669.33
9151.00
9751.31
7706.51
5417.53
5662.67
6061.51
932.32
6559.07
3117.32
3945.61
6664.29
8372.74
666.56
3896.53
7638.81
1960.72
4282.17
4875.14
2434.43
1659.42
6015.19
6053.93
7729.83
6910.76
2417.41
7287.91
4798.67
2677.75
458.74
2541.00
4510.60
9609.74
7455.83
2217.11
190.79
8282.03
3442.14
6286.63
4841.10
1722.99
5395.77
6668.92
95.73
6062.33
5728.97
2898.07
3186.58
11.15
7773.21
5621.01
6834.09
8951.92
6838.47
4563.92
5862.68
4419.40
7015.36
661.35
7097.15
7474.10
8365.87
1607.75
2247.36
985.23
8988.38
2438.15
9267.26
7594.05
3888.31
9271.88
9317.04
9284.08
5940.80
9412.77
5346.41
6833.30
7474.36
3696.51
6844.45
411.09
4481.05
8842.06
9363.01
1319.52
8569.51
5225.69
902.44
5584.87
1050.57
7999.60
8222.49
4579.96
4770.87
5633.37
5565.19
8922.78
3235.04
9995.97
6516.83
7123.35
4431.38
5833.87
6407.43
5535.70
410.16
1753.85
2369.00
3048.05
613.88
4376.97
3459.14
5094.93
3219.04
2822.16
6414.45
1788.55
3211.37
7316.90
2536.94
9425.46
480.02
5922.95
4005.43
414.41
1556.32
4734.14
9337.19
4791.36
4730.12
1017.54
1914.72
9161.50
2014.93
8322.15
9860.72
7588.62
5239.52
2229.73
636.67
5853.41
6606.70
4095.81
948.34
4989.26
2081.49
2526.32
1941.33
456.39
5006.74
4478.27
9881.85
650.28
5564.74
3887.28
6228.21
7121.06
3784.95
728.93
1912.43
8515.07
1746.47
8990.67
2840.09
8924.93
2476.34
2700.81
6513.55
2879.39
94.06
2313.74
8732.80
1864.29
6409.55
4844.66
6853.55
3654.57
2534.50
8794.89
4110.96
2704.76
8436.68
3992.81
8518.56
4001.43
3043.62
4746.78
6286.01
6828.57
5475.71
3361.96
507.16
2385.70
2352.63
3347.25
6474.15
9992.50
1211.58
2987.70
2871.89
6469.17
5301.44
6768.21
8333.46
6874.52
6776.39
5187.01
529.09
9310.90
9145.42
9803.57
7179.18
7582.11
3796.38
861.27
6747.06
2003.52
5608.05
3033.07
3995.61
6247.28
6395.04
4502.77
3796.50
3911.19
3013.54
270.66
3903.69
9388.65
8421.88
6775.58
5857.82
8886.85
3543.79
4191.28
5761.37
320.19
9378.29
1453.98
4794.61
8523.72
1257.55
7137.31
1269.35
217.45
7998.58
3179.93
7384.50
8770.15
6213.00
1380.11
180.95
7771.56
5882.89
3977.46
6846.28
8896.43
9411.64
5913.49
3448.60
7833.52
2689.08
9306.42
6720.37
1396.39
3497.70
7645.26
6880.10
8039.52
9099.24
6838.23
1726.76
5520.31
9139.07
2996.11
5737.77
7137.65
6176.04
3122.27
1071.33
7552.56
9665.90
1252.28
487.65
5548.79
393.26
2497.45
9608.75
9804.90
8410.94
3057.35
2801.95
6263.54
7527.30
9522.32
7659.94
1025.00
2331.11
9703.56
4228.04
6593.87
1705.32
5954.80
2114.19
844.39
4114.43
3015.48
3145.56
5453.99
1301.27
4216.89
8170.08
967.17
632.70
8657.73
6515.97
1025.96
1155.18
1288.24
830.87
4729.64
9509.11
3632.82
993.19
7036.41
8318.66
3816.65
3224.94
5813.29
3520.21
7452.98
2407.17
389.05
3407.79
4521.36
1233.44
2685.74
7536.84
9542.53
3303.26
4001.63
3759.42
1473.34
4968.80
4392.12
5294.59
6648.29
581.61
1613.29
7936.53
1412.48
6342.93
7445.65
208.82
7336.12
9645.58
3691.00
1152.77
2870.52
9504.30
9836.51
323.51
1911.47
5389.08
8894.82
1596.35
1786.05
6744.08
4296.71
1328.58
47.34
8298.34
5088.00
1520.68
3267.14
4643.65
1978.79
9915.44
5225.26
3592.08
3015.49
1801.26
5098.54
5624.66
7173.60
2434.66
5270.25
6028.12
8750.96
8140.77
5532.42
3750.99
3627.80
2607.41
9140.07
2522.62
4203.76
926.12
9266.71
8500.47
2254.70
4477.57
6798.81
2506.23
5998.26
5229.48
2313.40
3140.57
308.44
2702.18
6732.66
3323.93
9666.96
1831.20
4112.12
2004.08
9429.38
9382.37
8032.20
3343.86
2686.66
3564.63
7094.85
6314.47
6172.04
1398.45
4000.61
5539.33
7488.09
8430.84
4039.80
4906.32
2908.42
6002.14
2576.07
4070.20
1231.62
52.99
7210.77
1540.06
7918.69
9106.95
27.51
7585.65
6101.67
4139.63
4753.25
5531.06
8685.52
2785.45
4038.44
6535.71
1513.60
1133.30
2850.18
2849.17
7695.27
2014.31
8388.50
346.88
5608.68
7591.82
5253.20
3680.62
3593.96
7829.27
7750.82
4825.58
3045.78
125.11
1529.16
964.47
4395.59
6720.20
8550.12
497.26
6023.35
3303.37
6028.32
9872.40
1252.35
66.77
6408.11
2765.95
6363.59
4421.81
5615.12
9222.38
6436.12
9167.14
9569.26
2044.80
6758.97
9985.99
5725.42
352.93
7815.26
8639.76
342.04
6024.57
3928.40
7034.72
6989.04
8323.99
3754.92
702.69
8821.25
4941.80
4006.06
13.10
4814.20
421.93
5243.39
1222.31
3187.89
6770.50
5644.12
3966.53
5992.88
7243.76
3133.68
725.66
4452.09
9892.65
711.65
5341.03
5409.10
3690.44
9144.32
5751.14
9715.01
3072.72
7949.39
6704.05
6560.23
1704.31
7406.74
5381.48
1809.63
6576.33
558.10
6623.83
6998.26
5801.49
3009.66
5349.67
7735.51
3817.30
4479.73
8891.91
6224.59
7613.41
9617.58
676.68
2669.58
329.23
1181.23
8078.68
9183.19
5489.07
8993.35
8898.20
8561.79
6942.74
765.78
285.54
8647.05
3336.04
5667.03
5620.21
5075.89
1388.65
2244.04
7237.68
2353.67
417.23
2587.35
89.18
4234.53
7067.08
8981.10
459.12
9844.01
8598.68
6299.32
2513.59
4091.43
2644.08
592.28
8438.15
8133.15
4749.15
7336.35
1858.47
1691.89
3265.65
2144.01
5502.46
6601.70
2974.56
1122.67
6841.11
4363.22
8530.24
4078.79
6716.89
8947.47
1829.67
1969.59
3182.00
4060.27
950.69
8804.65
3904.29
4712.89
267.49
1581.40
3967.85
2911.57
7337.20
2406.00
1044.73
2086.35
4905.87
2903.20
3778.24
8171.53
5047.21
9280.71
9936.75
8021.78
403.38
1941.38
7548.52
8933.62
6020.18
4265.41
3044.61
7849.85
6235.00
6226.62
7073.64
2349.22
194.79
977.93
7062.11
462.28
2559.34
6193.48
3373.86
5060.06
8599.48
4418.59
7146.42
8668.88
2485.31
924.66
2003.93
7532.52
5368.89
7104.20
717.82
935.80
9045.58
8266.34
5032.94
5065.76
7695.27
8077.56
8079.13
9093.80
9467.70
5152.78
1443.02
9662.49
1294.23
3668.65
5288.29
9017.09
5025.66
8662.15
4077.16
3625.14
8244.26
1223.58
2294.02
5893.09
7311.76
4297.95
8589.14
7844.18
1402.15
9306.96
8779.98
447.74
2736.83
3812.92
677.02
5595.62
7054.00
3919.68
4689.42
6521.70
4235.98
1295.96
1347.71
5530.21
128.14
6636.01
4547.31
5153.80
461.68
3787.99
8778.94
3869.47
175.09
6236.49
9762.56
2650.37
5697.96
8351.70
494.55
7100.12
2822.19
9274.53
2711.38
5559.02
8250.98
8551.92
1154.64
468.50
7635.12
1007.59
6990.21
1871.10
2303.55
8337.92
7401.32
2431.69
137.45
7112.15
7585.49
599.14
900.14
1527.96
4468.61
6238.75
2927.97
9394.69
8889.12
8625.93
7746.40
9383.68
889.57
5732.11
3821.73
8764.47
1291.13
7236.23
7316.40
7609.29
7704.74
4951.52
8616.88
4694.95
1986.15
6083.96
8196.39
9387.47
3679.17
3497.37
1663.14
6428.19
4096.51
7726.80
7956.15
3728.64
3965.55
6047.64
3123.33
2854.67
4673.57
6033.25
7401.87
5563.15
1765.36
1223.61
4327.62
8220.01
3623.36
6807.54
992.83
1328.10
6922.59
4773.23
1186.57
4072.26
857.19
4546.49
3459.73
4536.37
8043.86
286.39
6128.08
7303.89
8013.19
9247.75
1032.53
7142.26
5295.39
9319.38
9996.93
9968.96
516.16
2562.33
695.63
2281.52
3785.94
186.78
5665.06
2572.82
2157.84
6657.89
3900.93
9080.43
1431.12
5087.50
8316.21
2288.32
9633.99
1775.94
1988.21
2841.37
7225.85
8116.29
145.26
5239.04
7364.04
1177.79
2381.30
2659.43
5660.70
7541.76
7791.91
6176.86
104.09
8487.55
3621.90
9053.55
8674.33
9286.96
1626.37
832.17
5944.85
690.82
5076.13
7375.98
5778.33
3392.34
4827.82
575.84
331.81
6816.03
8580.74
7557.66
95.84
8726.00
7960.23
2623.40
5067.32
5505.05
446.35
728.02
3046.81
8238.26
6904.88
8314.42
1889.33
526.78
7367.97
563.66
9813.75
4157.87
6559.36
922.12
4848.69
1635.49
8298.10
627.02
191.35
3125.92
6366.39
5686.68
5105.47
4947.13
3244.35
5201.31
8836.65
6368.10
2988.23
3903.97
1873.15
3434.58
4631.99
4919.97
6836.37
6700.39
8397.91
8725.70
2390.70
5765.89
4452.89
7367.97
9923.76
1012.25
8290.09
4772.45
7811.26
6588.20
563.00
8002.61
4877.64
2092.91
3689.30
9983.12
2203.56
2097.17
347.95
1040.21
8465.27
3336.19
4944.19
1000
5501.94
1934.29
4739.70
5585.43
8770.66
1440.10
3983.35
2659.89
8994.32
4912.76
7112.78
6362.29
4836.52
3288.55
9815.90
4772.49
1099.81
1567.62
499.01
4265.94
6445.27
7755.44
3118.76
6428.39
9959.00
5215.93
1939.86
6162.74
8844.72
5276.05
1106.93
4346.67
7210.35
1010.15
9932.10
1144.53
2450.25
9078.97
3804.42
6608.09
3991.73
6080.72
2970.38
8828.25
9369.27
7949.81
8764.27
5632.60
9517.43
4426.80
9898.55
5962.70
2182.25
3017.31
7554.61
7304.77
3396.77
9494.48
3467.51
7405.01
4770.53
9737.96
1751.68
7144.40
748.12
6847.31
3452.46
8361.89
5926.28
2420.40
4969.99
9918.02
8501.13
3103.89
3909.79
3033.92
1053.70
2674.06
8666.53
571.14
2264.39
3728.60
1697.36
4446.64
6745.91
9251.98
1751.41
5306.20
3909.98
382.45
2711.22
3844.03
120.41
9626.42
988.44
868.53
6473.73
9604.42
9230.43
7563.54
2024.82
9363.94
7481.56
5689.47
2467.83
6554.87
8723.40
8685.06
4392.46
2553.45
4419.72
6656.85
6282.05
1280.60
1103.49
8191.48
532.58
8018.42
8661.21
9606.08
8400.87
1372.43
3450.12
3684.81
998.85
9602.08
4553.34
2636.11
9206.50
8947.29
199.65
1231.32
3474.75
2844.73
2084.32
1106.11
9399.60
5971.24
4954.69
3792.06
3688.21
9374.41
448.91
9970.26
655.01
6715.92
3325.26
6351.12
9897.87
1986.47
5957.20
3462.26
8522.42
9407.32
7147.07
9521.28
9009.40
6863.94
7320.91
3379.42
974.75
7520.56
9774.27
4449.51
5528.81
1858.59
719.14
4928.41
2993.35
5673.83
3884.00
6681.56
5048.24
9496.43
1815.34
866.77
6212.36
5140.60
7217.89
1273.75
2290.60
8338.62
9899.53
813.02
2909.46
7046.61
5497.82
7082.39
9074.07
2818.73
461.81
48.82
5502.81
236.08
9661.85
1031.62
7258.19
380.99
1123.56
251.54
6054.82
5007.56
6933.10
6266.58
4503.99
8748.44
7133.36
5879.87
9052.57
9514.77
7153.62
6506.69
3016.91
7053.16
7319.71
5926.38
9263.29
7981.06
8172.29
8337.36
799.79
3797.62
3549.70
1466.13
9197.23
8375.08
2497.75
6455.42
8756.07
3621.31
1870.49
9974.42
3792.39
3967.11
1404.52
8296.39
7879.08
8537.88
4176.26
6931.65
3216.18
6493.41
8601.86
1396.61
3546.57
5921.57
2486.51
7973.38
3902.63
658.80
1474.26
9865.95
4456.43
5023.96
1332.08
3653.66
8562.56
8993.35
5272.60
7318.64
7778.19
7143.09
2456.58
1570.58
6273.73
3861.10
5030.49
4152.81
7562.51
9206.76
6247.98
778.69
5700.17
4849.84
7338.82
4410.26
5934.93
9825.34
7547.16
9837.57
484.14
9021.42
4867.04
104.09
9208.90
1362.64
3757.75
7771.47
355.99
4193.88
253.63
3297.70
1336.97
7873.73
31.81
7610.70
1734.83
5062.30
6927.03
4460.86
4269.06
3175.01
403.07
5132.75
8024.85
7741.90
4706.53
9123.31
7567.24
2253.69
8960.88
8051.38
6438.63
8991.44
8155.48
811.06
354.08
7076.75
8582.53
5873.59
1270.63
3999.68
9171.30
7771.13
1873.41
9203.11
545.35
8771.76
4265.41
7472.39
3232.63
3698.00
5810.92
8799.22
3994.27
8999.30
6541.12
8700.81
8122.61
4108.36
6118.02
2247.01
7323.27
7720.18
1238.45
5478.75
8531.24
1592.53
7719.02
2277.29
2629.64
4153.18
6276.97
1800.94
1924.31
3313.90
6167.57
7633.18
7249.18
432.99
5105.57
5645.33
9294.51
6080.02
4444.56
3288.78
5079.32
985.68
1989.59
8365.45
5094.05
3271.14
612.46
2417.32
991.32
1850.91
3059.59
9522.56
8606.96
5942.13
1799.85
1236.60
95.31
3240.34
8201.07
2019.62
6554.24
4368.64
9652.81
3803.42
4801.63
9921.90
9448.76
9259.66
1165.44
9056.84
2548.45
6244.76
42.52
9701.56
4610.21
300.09
2972.70
386.19
7880.93
9127.54
2237.10
6104.04
8650.10
6007.58
2046.18
5613.47
2407.71
2141.49
8853.81
608.78
9324.64
571.57
4977.42
4140.97
9538.52
4942.58
9226.39
4150.80
4202.24
391.84
3207.64
1914.21
6636.60
3250.16
1615.78
6410.34
8713.78
9752.00
6796.53
6594.71
8879.55
4197.16
2698.76
2693.17
204.74
9908.46
8306.65
7775.97
2049.95
2323.98
8384.75
6538.11
8059.08
3362.18
679.08
7597.60
3468.28
9905.48
6911.92
2834.04
297.32
119.56
4748.26
2097.44
8533.24
6364.04
8507.78
2410.54
1279.56
467.84
9005.26
159.11
4665.00
6867.54
8015.81
33.26
6776.00
1485.98
7809.24
3989.47
3809.96
1357.51
527.59
7032.56
9883.21
6370.19
4630.16
3351.49
6275.67
6705.60
6185.54
1736.51
6825.16
6097.32
8997.48
521.93
2461.36
2668.78
2932.47
8904.44
3136.62
7101.25
9063.56
2965.14
3968.79
2242.89
8161.93
744.79
3728.87
1134.69
9897.79
2702.35
2492.20
425.38
9734.92
7538.94
1959.09
9528.60
890.43
3398.29
6234.21
2239.49
5134.80
8222.89
8336.81
9295.80
8744.82
5961.69
1964.59
6840.82
4866.14
264.73
3942.07
9093.22
3229.88
7910.87
1336.11
6555.33
3819.18
5064.98
2853.54
8880.49
7767.33
5345.74
9305.87
2665.77
2884.68
6428.49
2194.38
8938.64
9826.78
8428.59
1178.13
125.10
6651.48
4678.47
9420.91
559.83
640.16
1385.50
7400.65
5506.30
1650.23
6506.24
4599.52
43.63
4417.11
5935.63
1762.48
3399.82
6164.13
4616.02
2280.31
9094.99
5125.29
6749.71
1760.76
3173.49
3178.20
3955.14
2112.13
8168.50
7547.25
8453.79
8293.60
9362.26
3132.26
2878.03
9922.09
3772.42
9427.05
2486.26
4442.25
6240.81
8992.50
4205.29
6284.44
8573.14
5304.45
3210.45
7136.48
1468.58
7826.47
9416.79
563.57
2951.76
1330.02
7487.86
6125.26
9671.74
1443.00
3400.91
7840.24
4153.78
1854.70
1297.37
3516.04
150.48
4175.40
8601.65
3922.91
3602.46
6251.43
3528.68
9843.27
5243.93
7733.97
1291.23
8980.59
3038.42
4501.68
6117.07
9670.53
7491.68
697.39
234.10
443.44
7190.93
2885.48
1732.22
6862.68
4328.49
5133.14
9866.44
3645.79
6987.84
1163.81
7161.83
7138.33
502.74
5763.48
6224.76
9268.72
7178.43
4916.96
4275.51
2422.36
2650.93
5566.74
6566.48
852.88
5231.95
7847.07
523.41
2723.63
8544.46
5921.03
3167.07
898.92
8806.52
62.82
7761.60
8298.53
5195.96
2791.56
1944.32
7347.32
3955.38
4269.67
9649.17
9621.64
5196.67
1037.45
8890.36
2375.10
5954.41
3165.87
9960.98
3768.87
3896.13
6527.46
4621.75
9128.08
4374.54
308.68
7015.23
8082.52
6229.71
182.31
8981.44
199.75
5408.65
1906.56
8498.28
604.61
4698.13
5606.12
7951.93
3817.03
9875.79
7601.11
3438.67
235.98
8638.56
7492.55
2611.08
9756.50
658.42
2572.07
3525.37
4554.55
4263.05
8147.12
8846.16
8637.59
8455.80
5861.39
1883.64
9849.03
1207.22
865.08
48.79
6615.87
7935.17
3710.59
7220.48
2633.30
9316.72
335.94
6450.33
4356.03
7937.05
5052.52
4592.02
1739.13
2545.07
2366.62
1495.63
3203.49
4938.69
184.52
2921.56
9201.75
8331.64
1767.72
3002.86
1950.96
2792.64
4886.50
1800.00
3999.86
915.11
7012.31
615.74
8850.28
722.90
2999.74
6647.10
5203.14
3335.68
8260.95
4722.70
6436.25
8476.99
4478.24
3338.91
1022.06
6844.86
9998.06
9389.07
6947.08
182.59
7474.15
6148.83
3677.75
4405.40
4315.21
5628.72
7198.04
4365.24
2592.24
1197.90
5280.35
9604.55
6977.16
9294.15
5490.97
5140.43
1104.77
694.12
8476.11
9365.72
580.34
75.89
7842.71
5058.58
3414.80
4028.29
7066.96
3412.86
3417.36
4014.04
8758.97
891.51
5326.39
2436.73
460.43
4805.13
8065.45
7658.47
9170.37
5821.21
4019.90
9614.24
5425.76
6160.58
8908.39
6080.25
1301.01
5176.68
1937.89
4940.65
9705.92
2518.23
5016.54
7548.63
2740.33
3594.86
6740.44
9807.30
2171.24
157.80
8984.86
930.22
6212.83
4311.26
3366.95
1836.79
9116.39
6595.92
9495.26
3450.28
7580.65
8678.68
3064.52
3006.41
4839.27
7136.43
9086.66
6140.28
2313.11
1024.56
1080.93
2019.03
8706.31
1260.99
4731.18
1446.65
4855.85
1471.62
6417.47
7027.10
6792.94
5402.33
7957.32
8169.29
4877.11
6487.79
6.08
9157.02
8247.23
4664.87
2607.30
5827.88
3343.55
835.34
3997.81
8182.82
7971.77
8247.99
9486.63
284.88
4436.07
5731.08
7467.43
3142.39
6992.08
2198.61
9752.56
7011.45
8833.75
6170.03
4038.55
5626.69
6735.88
7159.39
8959.51
6776.52
8810.70
8965.59
5933.54
2221.45
8793.98
3704.37
3212.85
2137.54
4539.71
2374.18
5483.88
2511.49
622.18
134.03
7959.89
221.77
5865.12
5427.33
8527.68
8020.72
2789.46
8280.24
5032.17
1623.22
9613.79
4234.25
2413.43
1513.20
6557.16
6536.46
8289.72
531.39
665.58
4223.26
2752.84
9459.56
7927.63
5965.70
1597.10
2467.35
8339.88
2244.51
142.36
4125.58
2378.54
8102.25
4347.36
8243.66
8693.10
8038.56
1427.90
6646.09
6318.81
6460.08
3432.83
1096.12
5857.85
5846.26
2609.32
2415.01
7546.25
6062.56
8109.92
8211.83
285.83
862.77
7671.39
3376.98
1991.99
4432.02
1007.85
5495.39
6676.53
6313.73
9620.98
9055.07
4415.99
9131.86
2462.26
8272.61
7170.42
3890.16
82.22
8652.75
5513.76
3515.05
4912.40
1371.61
4524.84
7521.72
8950.15
2071.09
3584.29
7060.07
282.92
9033.64
1000
3086.36
7954.31
7574.14
5078.35
2386.33
8582.00
573.75
4226.38
4895.73
5358.25
3281.46
4475.24
9653.63
5743.72
7911.38
1987.57
9633.88
7993.60
5803.85
311.17
1508.66
716.25
1682.78
6033.50
8237.97
5796.45
3268.11
6985.78
2856.53
3551.03
1182.94
5942.89
6668.86
8757.09
6184.77
4218.72
2502.61
1922.04
8445.10
2561.86
2443.81
6890.08
7037.11
2097.44
7797.32
112.01
9248.53
2594.73
8105.61
5052.38
2905.90
4777.79
5768.63
4588.68
5974.81
9170.13
385.14
9242.92
1319.43
8405.19
7957.47
2502.38
9511.60
9789.86
6422.99
5696.37
4008.58
8925.60
7618.41
7617.20
6650.98
62.22
9670.81
3688.09
7323.18
7468.13
8963.62
6571.72
62.86
2232.76
1624.10
2968.76
7010.55
7392.74
7557.45
8148.89
6562.87
3106.11
7391.81
3045.82
1511.30
512.81
5548.20
1022.90
302.67
7134.71
1882.80
9474.77
1223.83
9501.21
2255.49
7874.82
4726.96
1926.30
6726.43
2050.14
9394.44
5690.06
8621.86
9457.30
7922.82
5409.49
2426.07
4933.37
7965.75
5147.04
3082.26
4528.62
3416.67
5637.60
2737.96
91.49
1313.93
8286.17
6277.91
1616.60
584.40
8160.71
6254.89
1808.24
2825.45
8510.38
9683.06
7552.41
436.69
6409.49
4766.07
4994.65
7263.07
3387.94
4451.95
5185.89
3960.95
2041.54
5282.79
1926.70
2352.10
3528.57
1618.84
932.29
4329.69
4356.80
1023.78
5643.62
7806.49
2465.22
2423.74
8390.90
625.93
3842.15
199.14
8614.90
2352.54
5045.72
6167.31
7952.75
6618.73
933.39
2947.40
3881.81
9484.85
2562.87
9067.70
3445.80
9767.94
9514.01
536.02
7283.56
3042.59
2154.86
8215.86
2535.80
1675.18
4403.16
8179.43
9481.68
6868.38
5766.69
3036.10
2657.84
9608.85
3235.24
1272.74
7124.91
3444.48
2603.58
5077.66
63.21
8700.49
3188.58
3945.02
8185.34
914.97
8176.25
6794.66
682.91
7690.26
2494.20
3130.00
5896.37
9812.58
6509.38
8432.18
1487.76
6076.06
6611.61
969.44
8107.97
7541.82
4005.54
765.81
7150.67
2404.30
7202.07
4275.58
5848.78
4969.17
4516.76
5912.00
3669.66
7705.34
5020.54
7018.52
8620.32
3196.79
3813.18
4466.75
887.06
1470.90
2760.27
6783.43
1283.48
9269.65
379.13
2771.25
509.24
6990.74
8904.21
8617.21
4532.57
8073.28
4546.54
6846.76
477.58
1748.61
6285.87
1489.89
6717.79
802.63
2565.41
387.45
3671.50
7585.95
7405.98
7455.34
5946.27
6382.68
1922.09
1996.85
7853.59
9845.89
8780.28
9137.07
4279.06
4322.94
7071.84
4788.30
1313.68
5976.06
3405.51
1009.77
4049.34
7952.05
3020.06
9690.44
4864.19
9305.93
1180.33
6745.50
108.56
3745.74
2296.47
3780.06
6495.22
4865.97
1235.40
2441.49
1248.66
8321.02
4438.34
4265.77
3330.43
8382.14
8566.36
7609.49
2705.08
5638.21
7561.32
9182.29
6777.79
6130.35
5355.58
827.13
4082.41
3539.16
5681.09
4110.12
2845.09
6861.43
855.62
8117.18
5770.69
3152.09
7060.76
2265.91
8018.07
3459.69
9870.92
4430.25
6944.23
9472.78
3859.54
274.66
7854.93
2425.90
7884.15
5723.53
3227.63
608.99
69.34
5168.94
6739.35
5424.93
5996.07
5985.28
4127.61
1677.17
95.40
6972.71
3702.12
951.02
253.41
9472.81
9266.63
7314.17
6902.25
2448.22
773.86
1936.69
6878.47
7718.09
1409.48
738.01
3156.27
4427.93
8327.44
6203.95
151.46
6718.59
6812.94
220.81
1887.54
3552.29
809.26
3047.13
9537.57
4936.87
9887.82
4796.49
7073.10
3589.94
5747.51
7326.51
8226.28
177.67
9804.21
292.05
2625.89
578.07
2228.74
9504.37
3459.69
3638.22
5405.90
6615.96
8066.15
3733.34
2819.91
3381.14
5615.46
4796.38
3601.95
7503.00
8348.67
9574.73
550.13
3049.77
4511.60
437.96
7846.26
1584.71
9191.42
8757.30
4074.74
7417.70
8934.97
3878.95
7709.75
6724.38
9620.55
9938.50
1392.27
8243.76
8740.24
6798.18
4859.72
1969.92
5695.04
2843.16
5351.06
1310.50
2803.06
8953.01
8813.50
1151.73
3691.26
4527.16
9365.02
8202.86
4965.12
7211.29
4951.09
4156.54
1132.11
4189.36
6737.77
5230.60
8068.31
4447.52
1954.98
2852.38
9549.54
3347.26
1096.14
3453.31
5308.96
1119.39
5423.23
6167.52
3962.55
774.29
7478.03
1929.13
4890.82
1455.05
8244.38
8582.08
5982.21
7609.41
1948.46
6110.85
9984.22
2063.08
5430.92
1116.33
6252.44
2168.69
1510.45
9484.27
1779.73
3465.43
2336.66
6492.80
1976.21
3432.80
9946.11
7285.17
4552.19
5369.34
8616.22
3678.26
1307.15
6094.25
5607.39
1361.49
2712.82
3851.78
5107.09
3858.56
6624.71
7055.55
5132.93
6608.93
4282.15
563.85
2888.78
5698.11
7896.06
4399.23
5182.39
9675.80
3028.18
2682.57
1332.12
5004.40
6115.37
1278.23
7453.09
5831.09
1811.09
6069.31
4672.87
8281.76
7327.08
5443.79
9643.25
5203.43
4459.09
4750.34
9061.99
1083.80
6969.41
4194.92
2856.25
6415.09
9922.30
908.55
2113.20
7818.36
5307.78
7295.59
2657.68
3499.48
9978.16
3989.80
8503.88
1257.06
431.55
1120.50
2251.67
7406.16
2353.33
6924.54
5687.92
4843.94
7531.85
5331.17
47.37
1990.94
5245.03
9109.36
8238.26
7377.97
8467.80
1094.51
3793.06
3553.62
2003.06
5906.26
6535.51
2474.36
8365.38
9193.19
5973.85
3507.06
8346.52
9641.25
4764.12
3941.59
5925.27
2179.31
1347.76
8278.61
4267.38
7035.68
8286.07
1799.23
7530.38
8333.44
3790.18
2775.41
2606.32
7191.96
153.38
1074.12
3450.00
3946.44
9791.27
5453.06
5016.23
6326.78
3090.95
3381.61
683.49
4228.32
6888.67
4193.53
3869.57
6816.32
8135.13
4958.37
8995.63
9482.89
3236.98
3263.01
6518.57
1523.05
225.77
9212.47
5020.01
4015.95
1987.89
7626.33
6371.43
7304.79
3863.97
9821.43
6414.76
3655.24
438.02
1430.99
5145.54
3528.97
9976.12
5829.04
7757.29
2028.31
22.57
6790.38
8844.63
8157.70
1748.75
3003.79
2804.11
149.25
1430.32
4486.21
6835.82
1656.09
3698.68
1855.83
835.56
5686.57
9482.16
7207.00
8154.89
3346.14
7028.43
9733.17
2164.90
7466.45
1164.16
7310.45
6158.94
6303.80
3139.49
3916.23
8332.11
8325.58
5870.14
2340.27
1646.81
7618.89
507.58
4450.92
7768.15
1937.90
8937.13
4603.97
3594.00
2635.82
6459.81
9593.08
3485.91
1105.49
6800.08
1640.80
9615.15
8992.04
6537.49
1780.06
1622.01
7701.65
4254.03
2944.48
9168.97
2557.04
2024.23
7501.09
882.62
7894.37
5004.88
2529.43
5513.27
5512.46
6980.36
8444.94
7450.36
5917.49
3048.91
6207.88
3716.83
4672.24
5800.97
7202.75
5777.74
7764.57
4007.07
556.41
1920.13
544.57
2336.47
8705.67
3409.74
1754.02
1650.15
2578.72
4311.06
3674.38
5243.33
5193.69
1568.76
5411.73
7723.12
2245.55
924.19
9867.00
690.49
3538.07
5784.50
8902.92
4909.48
4664.85
3575.17
5873.97
1867.60
4516.43
3638.54
1038.20
236.36
722.20
6746.29
2572.84
9427.87
156.03
4326.86
1078.02
7898.27
8637.93
4752.40
8305.12
8995.14
6321.16
8880.37
6718.26
3730.23
9804.56
1748.79
4420.72
8506.16
2696.81
3323.65
3415.64
7361.66
2062.34
9289.61
4392.79
1742.29
8091.67
5430.99
1978.65
8813.87
7340.80
9715.01
8241.74
2660.35
9205.40
4483.28
5722.15
3006.85
9235.69
4027.27
2001.99
720.37
2907.65
3883.77
4450.61
7875.73
5632.56
4034.85
6381.89
8329.37
7358.50
4961.05
5691.04
4584.36
4250.66
83.83
6326.65
2342.34
678.34
3468.83
6319.73
8019.14
3183.84
9725.00
5843.01
2389.24
4208.28
1565.16
5396.09
8607.49
755.96
2561.60
4491.39
8827.13
6445.38
4105.52
6702.86
7241.46
8140.37
8248.28
5570.84
662.40
3209.33
6425.40
5246.76
2623.52
1672.75
6736.94
4965.86
2351.09
205.77
6449.11
5533.75
3389.61
6174.11
1376.76
942.38
5545.92
8105.45
1501.99
9316.93
8861.41
4063.60
3808.32
7688.54
508.98
7913.84
9554.92
2913.96
6054.22
7803.20
8484.80
1880.14
6176.06
4910.20
7126.90
8799.58
6582.95
9027.36
8928.96
4097.56
9233.13
5378.07
4794.83
7786.27
6715.71
1335.12
8728.65
7425.15
9440.57
5394.16
6742.08
8301.98
9457.76
550.41
1154.04
5130.26
3627.77
708.96
8044.23
9681.99
8512.17
6529.03
6725.65
4688.23
6602.76
9016.08
8651.33
8349.23
8043.44
7580.29
2446.80
7276.58
8121.88
2405.15
226.37
4837.59
3740.27
4118.54
2262.74
3180.84
9512.70
9004.83
6646.34
8970.47
4718.76
7800.38
9264.25
8346.53
8509.35
7308.48
3192.05
2185.04
9001.04
9917.70
2036.79
5603.80
8933.78
5851.64
9116.55
6977.23
3431.93
6726.87
9417.33
1553.81
9132.03
9643.70
1554.93
2872.30
8925.76
3817.67
1216.67
8438.46
7986.02
7863.01
2572.45
2704.78
826.92
1836.71
1051.32
4499.79
9145.19
4243.37
1848.35
8146.23
9324.59
9048.66
8913.55
8258.38
4900.30
8030.11
399.13
8332.23
9920.50
9816.46
5049.56
9052.53
4623.68
6604.49
1924.84
3549.44
5585.69
8305.03
1987.90
8735.23
1331.56
4560.36
1440.02
2158.48
1560.59
7654.86
1821.79
705.78
7061.75
3670.14
4015.54
6386.34
7882.32
8092.61
4644.72
2782.62
1286.24
5043.85
6278.37
1206.75
23.83
1327.94
259.28
0